3 131 834
1 9 764
2 10 725
3 17 483
4 21 171
5 39 63
6 39 561
7 50 221
8 55 527
9 56 834
10 63 765
11 74 644
12 77 376
13 79 518
14 88 218
15 94 15
16 98 248
17 98 554
18 104 398
19 116 407
20 131 89
21 135 652
22 153 174
23 167 238
24 181 449
25 182 657
26 194 653
27 211 705
28 220 692
29 220 702
30 225 296
31 226 655
32 227 460
33 228 517
34 229 427
35 231 183
36 234 528
37 237 657
38 251 290
39 255 176
40 256 596
41 264 84
42 266 545
43 271 549
44 277 412
45 281 778
46 294 592
47 303 649
48 312 233
49 321 664
50 330 23
51 330 631
52 343 319
53 348 555
54 356 77
55 357 217
56 365 145
57 384 76
58 385 160
59 394 117
60 395 483
61 402 207
62 403 442
63 407 408
64 412 526
65 422 809
66 425 288
67 429 127
68 434 196
69 438 400
70 440 761
71 441 318
72 450 96
73 455 538
74 460 503
75 464 324
76 489 347
77 489 664
78 491 368
79 492 773
80 504 270
81 508 687
82 513 389
83 525 196
84 525 741
85 531 88
86 537 327
87 539 356
88 540 718
89 546 80
90 564 819
91 566 775
92 570 694
93 582 501
94 584 735
95 585 49
96 593 334
97 605 414
98 613 490
99 626 175
100 627 297
101 632 791
102 648 90
103 650 685
104 657 716
105 678 653
106 689 195
107 691 682
108 693 272
109 701 203
110 703 516
111 704 61
112 705 382
113 705 570
114 715 489
115 725 758
116 729 819
117 731 7
118 732 178
119 733 64
120 744 779
121 750 233
122 759 469
123 770 21
124 777 719
125 789 270
126 808 14
127 821 757
128 822 798
129 828 454
130 829 128
131 833 641