0 264 1759
1 9 799
2 15 654
3 35 597
4 50 274
5 65 204
6 80 1218
7 104 1466
8 108 22
9 109 48
10 111 1533
11 124 232
12 128 1613
13 137 392
14 139 1195
15 140 1592
16 147 1742
17 148 13
18 163 564
19 167 1342
20 176 1217
21 179 4
22 181 585
23 186 177
24 205 1711
25 206 689
26 209 974
27 218 1196
28 231 852
29 234 954
30 236 150
31 241 1201
32 251 1643
33 252 370
34 259 215
35 265 738
36 267 1150
37 276 224
38 277 461
39 313 236
40 314 230
41 319 354
42 324 412
43 338 1113
44 342 279
45 343 1655
46 347 1513
47 350 1401
48 353 293
49 368 65
50 374 1637
51 381 422
52 385 734
53 385 766
54 402 1732
55 408 238
56 412 1187
57 425 657
58 426 819
59 426 828
60 430 148
61 431 661
62 451 441
63 461 592
64 464 461
65 471 930
66 472 171
67 478 1327
68 480 327
69 490 1319
70 495 508
71 504 572
72 505 41
73 523 27
74 524 73
75 527 1507
76 538 1626
77 540 536
78 543 205
79 544 1565
80 548 335
81 572 1304
82 573 1127
83 581 880
84 595 199
85 598 798
86 625 1166
87 634 1084
88 642 282
89 642 1435
90 645 650
91 650 820
92 652 1725
93 654 870
94 660 250
95 668 1272
96 669 1249
97 672 302
98 674 641
99 680 993
100 689 1034
101 690 1642
102 692 881
103 698 1376
104 700 1303
105 703 471
106 709 773
107 711 1153
108 713 1233
109 716 1253
110 724 460
111 724 1364
112 735 1112
113 737 443
114 764 211
115 769 80
116 788 1532
117 789 1521
118 799 1032
119 815 991
120 816 1105
121 830 1570
122 833 574
123 844 175
124 849 1421
125 854 283
126 854 1176
127 863 36
128 864 1631
129 870 1170
130 881 967
131 898 1470
132 901 1090
133 904 532
134 905 281
135 908 1638
136 910 1106
137 923 270
138 930 1538
139 950 273
140 970 578
141 974 754
142 976 125
143 982 422
144 991 426
145 992 695
146 994 402
147 996 1055
148 998 878
149 998 1027
150 1012 1454
151 1017 113
152 1019 1014
153 1035 1252
154 1039 830
155 1041 1362
156 1044 1370
157 1050 1113
158 1052 1045
159 1067 802
160 1067 1524
161 1068 863
162 1070 1279
163 1072 1683
164 1074 1729
165 1080 854
166 1085 407
167 1087 87
168 1097 1481
169 1129 1230
170 1151 633
171 1152 112
172 1152 1344
173 1158 1360
174 1172 495
175 1175 210
176 1186 487
177 1198 146
178 1229 1004
179 1236 657
180 1238 595
181 1243 22
182 1248 1749
183 1251 811
184 1253 566
185 1256 1192
186 1265 1406
187 1270 69
188 1276 1656
189 1279 784
190 1280 1298
191 1284 923
192 1285 1229
193 1291 1368
194 1294 754
195 1294 928
196 1301 1066
197 1307 127
198 1310 445
199 1316 1286
200 1317 147
201 1319 1659
202 1344 543
203 1348 10
204 1348 1432
205 1356 1470
206 1372 371
207 1373 478
208 1378 692
209 1382 1219
210 1394 240
211 1395 695
212 1401 1008
213 1402 379
214 1408 618
215 1411 1335
216 1415 1033
217 1417 1317
218 1419 1311
219 1426 932
220 1452 203
221 1463 1161
222 1470 1190
223 1474 974
224 1474 1570
225 1478 698
226 1486 136
227 1491 1695
228 1494 113
229 1500 1344
230 1502 1110
231 1503 1200
232 1504 267
233 1505 203
234 1510 1509
235 1515 1649
236 1553 1344
237 1555 1416
238 1567 35
239 1569 602
240 1573 616
241 1576 488
242 1577 187
243 1593 417
244 1607 681
245 1615 1072
246 1615 1756
247 1621 372
248 1625 55
249 1626 888
250 1630 1507
251 1642 577
252 1654 360
253 1659 933
254 1668 1032
255 1678 882
256 1679 408
257 1681 749
258 1683 1240
259 1686 1162
260 1695 1278
261 1720 1505
262 1722 43
263 1730 1342
264 1759 854