1 531 3711
1 0 856
2 5 3356
3 14 2654
4 19 137
5 35 2140
6 38 1579
7 51 652
8 60 1430
9 64 2957
10 73 2829
11 76 1920
12 82 1121
13 83 981
14 85 2634
15 87 283
16 87 2234
17 94 494
18 94 993
19 104 3152
20 115 788
21 123 2869
22 126 2841
23 132 1172
24 134 1668
25 134 3065
26 143 2583
27 153 3128
28 154 366
29 176 2384
30 188 915
31 189 768
32 193 3354
33 195 511
34 199 2312
35 200 1382
36 203 318
37 207 2270
38 211 217
39 231 619
40 235 2573
41 248 1096
42 250 2419
43 256 1968
44 260 222
45 266 1243
46 268 816
47 268 2335
48 281 2774
49 311 1323
50 313 3355
51 314 663
52 324 1168
53 357 2451
54 360 1774
55 363 797
56 365 2895
57 390 2582
58 399 3679
59 400 1012
60 405 2147
61 405 3652
62 410 1795
63 415 597
64 420 3620
65 421 3097
66 422 1660
67 440 3488
68 442 3710
69 455 2379
70 455 2403
71 458 2763
72 463 1554
73 474 65
74 481 2321
75 484 414
76 496 1102
77 500 698
78 503 2243
79 512 707
80 516 1710
81 518 543
82 520 678
83 520 1948
84 528 2685
85 530 3053
86 539 1051
87 553 643
88 553 1491
89 554 2358
90 558 660
91 574 3584
92 578 2195
93 580 1145
94 601 49
95 603 2460
96 606 2816
97 611 503
98 618 1744
99 618 3273
100 623 898
101 629 5
102 629 3121
103 633 1426
104 635 566
105 656 1712
106 699 350
107 700 2533
108 701 1779
109 713 1404
110 717 3330
111 722 3563
112 728 3200
113 732 2452
114 741 3278
115 743 3459
116 745 65
117 750 327
118 750 929
119 756 3634
120 767 2751
121 768 2854
122 778 2859
123 783 2582
124 794 574
125 803 1345
126 803 3236
127 804 2302
128 806 960
129 817 2798
130 823 1986
131 829 1225
132 830 3292
133 831 942
134 833 1567
135 847 3262
136 849 288
137 877 3280
138 895 2632
139 903 2480
140 910 334
141 911 2557
142 913 2163
143 913 2951
144 916 237
145 922 1770
146 938 866
147 939 315
148 944 1139
149 947 431
150 950 648
151 952 126
152 953 254
153 968 1685
154 969 179
155 976 372
156 1001 2998
157 1003 3154
158 1008 58
159 1011 444
160 1016 2010
161 1031 872
162 1037 1241
163 1062 1571
164 1070 3635
165 1072 3492
166 1081 3243
167 1086 1139
168 1091 1985
169 1092 403
170 1094 3536
171 1124 1663
172 1131 38
173 1144 2653
174 1146 1870
175 1155 222
176 1161 1125
177 1167 1633
178 1178 890
179 1183 1263
180 1185 526
181 1203 1240
182 1204 1904
183 1204 2234
184 1232 1945
185 1234 2078
186 1238 2968
187 1249 1866
188 1251 2179
189 1259 1250
190 1260 2142
191 1269 3046
192 1271 960
193 1271 2910
194 1290 1264
195 1295 2183
196 1296 990
197 1304 30
198 1323 3143
199 1337 3559
200 1338 2887
201 1339 222
202 1347 1311
203 1347 2272
204 1350 3342
205 1358 3525
206 1366 2539
207 1377 797
208 1383 1817
209 1403 2095
210 1408 248
211 1412 1856
212 1414 1048
213 1445 2559
214 1453 3255
215 1453 3391
216 1461 2696
217 1466 3334
218 1472 581
219 1474 2167
220 1476 2603
221 1487 2469
222 1502 338
223 1509 120
224 1513 2568
225 1515 1061
226 1516 2246
227 1522 411
228 1551 3643
229 1567 205
230 1567 3408
231 1568 3604
232 1569 1419
233 1571 3119
234 1589 1886
235 1596 3259
236 1607 3697
237 1610 1850
238 1618 2478
239 1626 3516
240 1635 1785
241 1639 2324
242 1650 3644
243 1656 613
244 1659 218
245 1664 1170
246 1673 472
247 1680 818
248 1680 2598
249 1681 3539
250 1683 806
251 1683 2473
252 1699 34
253 1710 2829
254 1714 3308
255 1721 900
256 1723 1186
257 1727 1639
258 1728 2564
259 1733 1795
260 1757 2932
261 1760 1747
262 1769 2019
263 1779 1296
264 1790 3052
265 1797 3650
266 1806 979
267 1809 3560
268 1825 363
269 1827 1843
270 1827 1947
271 1841 3549
272 1844 1365
273 1859 662
274 1862 1747
275 1864 314
276 1864 607
277 1866 555
278 1866 3236
279 1869 557
280 1870 256
281 1874 1760
282 1880 3188
283 1881 1912
284 1885 2923
285 1887 1316
286 1890 1006
287 1896 135
288 1898 190
289 1914 538
290 1927 3031
291 1935 3275
292 1937 2107
293 1942 1902
294 1945 175
295 1967 1256
296 1967 2583
297 1968 1147
298 1991 2823
299 1998 535
300 2004 901
301 2006 1210
302 2012 3473
303 2020 421
304 2021 560
305 2023 645
306 2030 3356
307 2033 336
308 2039 685
309 2040 809
310 2080 866
311 2080 1856
312 2088 2173
313 2096 1481
314 2111 2028
315 2114 1391
316 2114 3069
317 2118 2782
318 2123 1483
319 2123 3304
320 2129 282
321 2133 3238
322 2139 610
323 2154 746
324 2165 1033
325 2168 2764
326 2175 383
327 2183 2975
328 2188 2270
329 2193 688
330 2201 1566
331 2205 2766
332 2206 220
333 2207 1755
334 2219 1730
335 2236 2571
336 2241 1695
337 2250 53
338 2255 1773
339 2259 355
340 2261 2506
341 2263 1120
342 2263 2275
343 2276 13
344 2278 1820
345 2280 456
346 2282 2330
347 2294 767
348 2323 3246
349 2330 2791
350 2332 2117
351 2340 3664
352 2341 1583
353 2345 1094
354 2352 2410
355 2353 3432
356 2365 243
357 2374 966
358 2396 2529
359 2397 2698
360 2404 3181
361 2405 2851
362 2407 1171
363 2416 387
364 2428 3384
365 2433 1202
366 2440 3246
367 2443 2996
368 2459 3341
369 2460 2655
370 2461 1640
371 2481 1540
372 2501 3632
373 2507 2971
374 2522 2274
375 2528 3495
376 2536 1768
377 2552 2998
378 2553 565
379 2555 1343
380 2555 3230
381 2562 1789
382 2564 1050
383 2576 217
384 2583 605
385 2585 3167
386 2587 2612
387 2587 2908
388 2592 854
389 2594 1046
390 2607 1126
391 2609 2508
392 2612 1436
393 2622 432
394 2627 1203
395 2633 1478
396 2646 2154
397 2659 2485
398 2670 3585
399 2672 231
400 2674 2864
401 2679 2310
402 2686 1479
403 2687 2572
404 2689 2362
405 2690 797
406 2693 1046
407 2699 1081
408 2712 497
409 2715 3192
410 2718 904
411 2721 3220
412 2738 238
413 2738 2273
414 2742 1074
415 2742 3017
416 2748 3614
417 2752 2417
418 2755 208
419 2769 1529
420 2771 586
421 2782 3294
422 2784 1279
423 2800 1427
424 2803 1575
425 2813 3400
426 2817 1334
427 2827 1942
428 2838 1884
429 2840 3216
430 2857 976
431 2858 226
432 2862 3319
433 2863 3332
434 2871 2039
435 2881 2301
436 2914 2415
437 2927 537
438 2941 3635
439 2953 297
440 2959 426
441 2964 3434
442 2972 3252
443 2973 3533
444 2976 499
445 2981 2038
446 2981 3137
447 2993 3201
448 2994 1387
449 2998 1424
450 3000 960
451 3012 1147
452 3033 149
453 3057 796
454 3059 1449
455 3084 2454
456 3087 864
457 3095 1723
458 3096 410
459 3121 2681
460 3134 3586
461 3135 90
462 3138 2076
463 3145 3599
464 3148 641
465 3148 991
466 3158 2412
467 3168 849
468 3178 3556
469 3179 409
470 3179 1225
471 3194 652
472 3211 3397
473 3213 3282
474 3234 184
475 3239 968
476 3242 2325
477 3246 2279
478 3254 2459
479 3256 2747
480 3278 2396
481 3279 1787
482 3284 2140
483 3290 2280
484 3294 927
485 3302 1638
486 3315 2511
487 3335 2350
488 3348 3691
489 3356 1695
490 3361 3343
491 3365 2320
492 3368 496
493 3374 1198
494 3389 2013
495 3400 1281
496 3401 2725
497 3410 1501
498 3411 1093
499 3413 2
500 3416 1906
501 3417 1011
502 3421 891
503 3435 776
504 3435 1749
505 3457 889
506 3502 53
507 3505 1596
508 3520 1960
509 3522 1370
510 3547 3310
511 3559 607
512 3575 1780
513 3589 433
514 3599 3548
515 3601 2080
516 3602 3584
517 3612 3201
518 3615 646
519 3615 3263
520 3619 814
521 3620 2414
522 3637 2256
523 3646 3475
524 3667 198
525 3670 2363
526 3674 3332
527 3691 2865
528 3699 254
529 3702 2665
530 3703 2222
531 3709 1799