0 3044 23969
1 7 4061
2 8 20567
3 18 9342
4 28 16078
5 29 14466
6 31 731
7 40 17048
8 44 21930
9 53 5033
10 64 8882
11 66 19338
12 77 7646
13 86 16216
14 93 13612
15 94 15951
16 97 11629
17 122 5022
18 130 8170
19 140 19611
20 149 8656
21 157 14628
22 183 48
23 188 15345
24 201 10053
25 203 18879
26 208 7117
27 209 5540
28 214 11267
29 225 15229
30 227 312
31 232 9139
32 266 21873
33 271 19047
34 275 9046
35 275 18537
36 281 5664
37 286 21284
38 315 2913
39 325 6741
40 325 20729
41 335 7541
42 342 2401
43 349 22156
44 356 22951
45 394 17459
46 399 22129
47 404 13935
48 405 10262
49 423 5537
50 427 6555
51 431 16393
52 445 22735
53 447 14223
54 460 10405
55 477 17246
56 482 7133
57 506 3809
58 506 22346
59 507 16614
60 515 12365
61 540 21917
62 543 11537
63 547 3826
64 558 13653
65 570 22327
66 574 17188
67 582 16899
68 583 8864
69 584 9986
70 585 3935
71 588 1788
72 609 14731
73 616 13538
74 625 12182
75 640 20371
76 642 11003
77 645 16573
78 688 10183
79 703 1525
80 708 2551
81 716 20521
82 721 6572
83 724 4116
84 731 21790
85 733 9822
86 757 21177
87 759 19702
88 767 3920
89 772 12692
90 774 23602
91 793 6277
92 823 9381
93 827 6002
94 828 9270
95 836 3033
96 838 10158
97 842 1998
98 865 13633
99 874 14063
100 884 10899
101 890 2295
102 939 1202
103 940 5134
104 953 21830
105 956 15205
106 961 5090
107 970 15998
108 984 537
109 987 13787
110 1004 10215
111 1005 17736
112 1018 1210
113 1033 10317
114 1036 8954
115 1044 23564
116 1051 11302
117 1051 16974
118 1059 7243
119 1067 11282
120 1069 5167
121 1076 9203
122 1077 12258
123 1077 16104
124 1089 22340
125 1090 11180
126 1096 17556
127 1113 3481
128 1116 15933
129 1118 3364
130 1120 17545
131 1122 6424
132 1130 9257
133 1131 12327
134 1160 15006
135 1161 17739
136 1168 16943
137 1188 15090
138 1190 1765
139 1196 9923
140 1199 6274
141 1203 8628
142 1204 23738
143 1211 18238
144 1213 21319
145 1216 2434
146 1223 541
147 1223 5160
148 1227 23344
149 1242 1637
150 1257 7319
151 1263 13571
152 1264 14346
153 1283 10755
154 1289 7238
155 1306 18801
156 1312 9510
157 1313 22399
158 1315 17948
159 1320 20400
160 1323 3911
161 1332 1046
162 1338 12995
163 1372 18422
164 1374 4391
165 1383 18732
166 1384 469
167 1405 5698
168 1409 12
169 1426 4356
170 1443 18868
171 1450 21663
172 1483 6319
173 1496 12323
174 1509 3607
175 1515 19879
176 1520 1176
177 1527 9299
178 1544 19009
179 1575 1077
180 1588 2844
181 1590 2225
182 1596 5298
183 1601 1981
184 1607 6627
185 1610 18367
186 1615 21884
187 1642 12838
188 1644 8972
189 1644 19305
190 1645 17670
191 1647 13781
192 1662 1902
193 1663 20632
194 1666 3414
195 1669 3068
196 1671 11624
197 1671 22167
198 1678 4474
199 1679 16629
200 1683 18101
201 1683 21665
202 1686 21875
203 1693 3754
204 1720 3035
205 1740 17945
206 1752 14965
207 1797 5217
208 1798 16019
209 1799 4379
210 1810 12065
211 1817 12286
212 1822 2952
213 1833 6791
214 1854 10680
215 1864 5254
216 1867 3435
217 1874 14958
218 1875 8128
219 1902 1094
220 1902 19036
221 1904 21815
222 1905 18644
223 1913 165
224 1917 10678
225 1959 21935
226 1960 1030
227 1969 4518
228 1969 22355
229 1994 14646
230 2000 8184
231 2005 16928
232 2006 1090
233 2014 1033
234 2039 9549
235 2043 18083
236 2048 11715
237 2057 5973
238 2075 2870
239 2078 6408
240 2087 14073
241 2090 6405
242 2096 10685
243 2101 20085
244 2105 23404
245 2109 22875
246 2112 23514
247 2125 15997
248 2127 16707
249 2130 3029
250 2142 6188
251 2156 19243
252 2157 4733
253 2175 7121
254 2175 8673
255 2182 13415
256 2192 1477
257 2192 9518
258 2194 9409
259 2195 611
260 2197 13444
261 2198 9703
262 2198 22587
263 2202 5808
264 2206 16995
265 2207 3767
266 2221 14022
267 2224 20791
268 2229 23900
269 2232 12083
270 2234 10350
271 2236 4074
272 2251 994
273 2252 10083
274 2254 11910
275 2266 12052
276 2300 5119
277 2306 2233
278 2313 20974
279 2331 13002
280 2337 11157
281 2345 3375
282 2359 2758
283 2376 9801
284 2377 23460
285 2384 16593
286 2385 16797
287 2387 4514
288 2397 17158
289 2406 16467
290 2408 16796
291 2433 2853
292 2449 14307
293 2450 13295
294 2460 7089
295 2467 11125
296 2470 11236
297 2477 15959
298 2479 23382
299 2485 15930
300 2490 17689
301 2499 18339
302 2504 17837
303 2541 16922
304 2560 23150
305 2566 1848
306 2569 3811
307 2574 12616
308 2593 13602
309 2594 14894
310 2607 2973
311 2617 6649
312 2620 14895
313 2621 4787
314 2632 10345
315 2640 20089
316 2664 6334
317 2664 8869
318 2678 13235
319 2678 22452
320 2686 7071
321 2687 11785
322 2688 15076
323 2692 9082
324 2702 12851
325 2727 12872
326 2731 5293
327 2735 7476
328 2738 18111
329 2754 3129
330 2762 14265
331 2774 22032
332 2784 21392
333 2786 10349
334 2790 19949
335 2801 23050
336 2815 7088
337 2816 5725
338 2827 13306
339 2832 19593
340 2852 20284
341 2853 23694
342 2868 12972
343 2875 687
344 2887 1260
345 2900 9697
346 2901 9072
347 2906 19634
348 2906 19995
349 2907 16753
350 2914 15172
351 2920 8225
352 2924 9240
353 2928 18693
354 2932 241
355 2935 8346
356 2940 17283
357 2941 23634
358 2955 21574
359 2969 1056
360 2979 11838
361 3007 3220
362 3017 6008
363 3029 12196
364 3033 19123
365 3037 7558
366 3042 22120
367 3045 20422
368 3066 19198
369 3067 9101
370 3080 12564
371 3115 8106
372 3122 7549
373 3126 19111
374 3127 11915
375 3140 14242
376 3149 8593
377 3168 16975
378 3171 4831
379 3175 20368
380 3178 18132
381 3194 13755
382 3200 23220
383 3208 3520
384 3215 20569
385 3231 20944
386 3239 1339
387 3239 17278
388 3241 20646
389 3243 9626
390 3245 7777
391 3253 20946
392 3254 21254
393 3255 20761
394 3266 14167
395 3279 21043
396 3285 6091
397 3292 5996
398 3293 21763
399 3300 9076
400 3302 14634
401 3306 2690
402 3311 1696
403 3318 18169
404 3334 13242
405 3351 18755
406 3360 19328
407 3364 9127
408 3377 9512
409 3378 16473
410 3385 10190
411 3398 20110
412 3405 282
413 3419 6917
414 3420 16701
415 3435 911
416 3449 14541
417 3456 62
418 3460 22862
419 3469 8513
420 3471 18967
421 3473 5317
422 3488 4392
423 3489 17539
424 3508 16360
425 3511 6835
426 3517 16239
427 3522 5647
428 3523 15018
429 3533 18946
430 3533 21708
431 3540 16841
432 3543 5754
433 3556 2938
434 3566 9881
435 3566 11517
436 3593 2412
437 3598 20176
438 3599 6117
439 3617 20420
440 3618 8651
441 3634 19890
442 3638 13645
443 3648 4191
444 3655 6935
445 3659 12779
446 3663 21889
447 3666 15466
448 3672 304
449 3685 15957
450 3686 21560
451 3692 12243
452 3695 19813
453 3715 2308
454 3723 16173
455 3727 16073
456 3728 13354
457 3742 1785
458 3744 12762
459 3745 12281
460 3745 13276
461 3750 16232
462 3753 12862
463 3756 8767
464 3781 13588
465 3781 18499
466 3792 14048
467 3804 18169
468 3807 19501
469 3813 11374
470 3820 443
471 3820 12849
472 3839 796
473 3839 20843
474 3867 22809
475 3879 7921
476 3882 10036
477 3911 5907
478 3914 12169
479 3916 17034
480 3917 1022
481 3931 20961
482 3945 2632
483 3947 4298
484 3952 3850
485 3958 19737
486 3962 5798
487 3963 22994
488 3964 9305
489 3970 15776
490 3972 17876
491 3983 13814
492 3987 10828
493 4006 6152
494 4016 9865
495 4036 7051
496 4038 5997
497 4044 12277
498 4048 17207
499 4068 15448
500 4094 19840
501 4100 11120
502 4100 18598
503 4140 15726
504 4163 17359
505 4164 16075
506 4190 19069
507 4192 7046
508 4195 11219
509 4203 4895
510 4207 19301
511 4209 19484
512 4209 19769
513 4214 15116
514 4215 21069
515 4226 5168
516 4227 2008
517 4228 1037
518 4232 19438
519 4236 14497
520 4253 5435
521 4260 11073
522 4269 10120
523 4273 22642
524 4287 15386
525 4288 21123
526 4300 13949
527 4303 8913
528 4315 3970
529 4354 18617
530 4362 4667
531 4377 3772
532 4381 17644
533 4404 6440
534 4417 21096
535 4418 13231
536 4423 7571
537 4423 8287
538 4447 14569
539 4450 3605
540 4459 3649
541 4467 10436
542 4470 17220
543 4474 16652
544 4475 14810
545 4487 22448
546 4527 8369
547 4528 6498
548 4534 7004
549 4542 18989
550 4547 4674
551 4554 9640
552 4557 8134
553 4558 8065
554 4560 20849
555 4573 21535
556 4587 3841
557 4588 16957
558 4604 17338
559 4643 18695
560 4667 2053
561 4676 20953
562 4682 21820
563 4691 17442
564 4697 16786
565 4719 13346
566 4731 3372
567 4738 4260
568 4739 20888
569 4761 14150
570 4767 13767
571 4769 18141
572 4779 17817
573 4787 3538
574 4798 1334
575 4798 2936
576 4801 13476
577 4803 12605
578 4803 14049
579 4812 6265
580 4817 23100
581 4820 5866
582 4830 3412
583 4838 20837
584 4839 18293
585 4865 15612
586 4867 18658
587 4870 19410
588 4872 17227
589 4898 20171
590 4913 17096
591 4923 15473
592 4933 9997
593 4949 4577
594 4967 1002
595 4979 21961
596 4980 22568
597 4993 14987
598 4993 18766
599 5002 16047
600 5006 9151
601 5006 21946
602 5013 13181
603 5021 2811
604 5027 3175
605 5031 8015
606 5034 19764
607 5047 18777
608 5079 3968
609 5086 8389
610 5090 20924
611 5100 6629
612 5100 18162
613 5101 17634
614 5107 22141
615 5132 15915
616 5133 10761
617 5134 19403
618 5140 22139
619 5144 15064
620 5156 15578
621 5177 17923
622 5181 5340
623 5200 9227
624 5201 15803
625 5205 595
626 5211 8488
627 5224 17326
628 5259 6083
629 5263 6891
630 5271 17606
631 5288 496
632 5309 10515
633 5319 21677
634 5323 11665
635 5332 17124
636 5334 23909
637 5350 13521
638 5353 8242
639 5360 2757
640 5362 4415
641 5373 16645
642 5376 11307
643 5415 6102
644 5425 8923
645 5426 6811
646 5430 10867
647 5443 8095
648 5459 4099
649 5477 13788
650 5480 18008
651 5494 14
652 5499 17672
653 5503 9946
654 5504 16306
655 5535 2865
656 5540 5661
657 5541 22349
658 5545 3841
659 5546 6605
660 5560 17279
661 5588 7272
662 5589 14478
663 5591 4715
664 5597 7184
665 5597 20800
666 5601 12644
667 5615 7483
668 5624 14319
669 5638 20285
670 5655 7752
671 5659 12052
672 5659 14761
673 5661 1437
674 5665 22107
675 5670 18287
676 5676 5392
677 5706 18855
678 5714 14898
679 5715 2302
680 5719 565
681 5736 3431
682 5737 7801
683 5742 19142
684 5748 7136
685 5748 15357
686 5749 4009
687 5753 8633
688 5759 8923
689 5761 21605
690 5775 7369
691 5782 16850
692 5782 20841
693 5793 4671
694 5816 22308
695 5836 3521
696 5839 9705
697 5840 6613
698 5854 17156
699 5855 19280
700 5860 4523
701 5868 20
702 5876 14102
703 5877 786
704 5879 7837
705 5899 13320
706 5904 3405
707 5911 3334
708 5912 15683
709 5914 273
710 5921 11438
711 5923 6684
712 5928 9729
713 5932 6039
714 5955 18419
715 5956 4480
716 5977 5542
717 5981 15993
718 5983 23642
719 5990 10973
720 6001 21541
721 6009 10754
722 6040 15125
723 6041 14915
724 6044 2191
725 6046 18204
726 6051 22504
727 6056 13308
728 6058 17974
729 6061 6232
730 6067 16867
731 6072 16724
732 6077 12963
733 6083 5830
734 6089 4639
735 6089 10150
736 6096 7863
737 6117 17877
738 6121 14632
739 6125 2405
740 6157 14180
741 6166 22025
742 6168 4192
743 6171 936
744 6175 868
745 6175 20245
746 6176 6731
747 6180 13089
748 6231 18928
749 6233 9568
750 6239 19171
751 6249 20211
752 6257 8019
753 6264 5245
754 6268 8289
755 6278 10678
756 6281 14834
757 6283 15095
758 6305 3888
759 6308 12255
760 6313 11077
761 6316 6035
762 6319 12512
763 6332 10450
764 6348 9138
765 6373 18587
766 6375 21494
767 6388 11012
768 6401 23213
769 6403 9839
770 6403 22521
771 6416 18743
772 6417 14341
773 6423 13328
774 6428 11713
775 6434 1236
776 6437 319
777 6439 19584
778 6448 12125
779 6478 19489
780 6488 9755
781 6489 9735
782 6492 9881
783 6493 98
784 6514 11131
785 6529 6105
786 6530 21038
787 6531 21906
788 6543 19088
789 6546 16691
790 6552 10269
791 6556 14371
792 6560 8260
793 6563 932
794 6565 6761
795 6566 10483
796 6576 9481
797 6577 17507
798 6577 21072
799 6580 7017
800 6590 1782
801 6600 9509
802 6601 4871
803 6602 3766
804 6602 22296
805 6604 5661
806 6618 7978
807 6619 2516
808 6636 9766
809 6639 16078
810 6641 5337
811 6644 22273
812 6644 23325
813 6648 7017
814 6650 18789
815 6654 15336
816 6657 17827
817 6664 18243
818 6670 22325
819 6677 11971
820 6683 18433
821 6694 19385
822 6718 5115
823 6723 15465
824 6724 3830
825 6744 9368
826 6755 19329
827 6760 15794
828 6780 10722
829 6781 7416
830 6781 20035
831 6784 21198
832 6785 20407
833 6794 14947
834 6795 14787
835 6806 2824
836 6809 4484
837 6828 18065
838 6837 11237
839 6841 13191
840 6845 3189
841 6862 2224
842 6866 14947
843 6868 15613
844 6874 16408
845 6878 5968
846 6881 17036
847 6887 6036
848 6887 13855
849 6898 11408
850 6907 16884
851 6910 12020
852 6911 15708
853 6924 23860
854 6933 5703
855 6941 10498
856 6977 22236
857 6988 4647
858 6988 16711
859 6994 20698
860 7002 23684
861 7012 4395
862 7019 20145
863 7021 23126
864 7026 18570
865 7034 98
866 7038 4353
867 7039 23292
868 7040 4208
869 7044 4811
870 7046 1648
871 7058 23792
872 7064 23007
873 7077 4145
874 7082 5643
875 7085 16150
876 7086 4537
877 7088 22894
878 7103 9490
879 7124 3871
880 7126 20712
881 7126 23322
882 7141 14459
883 7144 6094
884 7148 1024
885 7155 5982
886 7158 14015
887 7160 2440
888 7160 3716
889 7179 22387
890 7180 6278
891 7206 10256
892 7213 6014
893 7214 7605
894 7234 1057
895 7234 9286
896 7234 14897
897 7237 22187
898 7262 15725
899 7278 21796
900 7283 9284
901 7283 22438
902 7291 14894
903 7323 2062
904 7323 16320
905 7340 16779
906 7352 4717
907 7370 19065
908 7376 21060
909 7396 16845
910 7396 17635
911 7418 15725
912 7418 23206
913 7423 16928
914 7427 21268
915 7442 17142
916 7444 19658
917 7454 10687
918 7454 14520
919 7465 15713
920 7467 20229
921 7474 15910
922 7475 15559
923 7476 2398
924 7486 16424
925 7492 16668
926 7494 11012
927 7512 7924
928 7515 15965
929 7523 2462
930 7525 4762
931 7556 3116
932 7562 1580
933 7575 2924
934 7585 3839
935 7586 23526
936 7592 17391
937 7597 7540
938 7598 5426
939 7599 14608
940 7608 19858
941 7613 14657
942 7619 12202
943 7631 17682
944 7634 9902
945 7659 22566
946 7661 16909
947 7669 1894
948 7678 12541
949 7697 2031
950 7697 18129
951 7716 12316
952 7720 23830
953 7721 7496
954 7722 22994
955 7727 6476
956 7727 10892
957 7735 2331
958 7744 17614
959 7760 21123
960 7765 7587
961 7786 19168
962 7792 23313
963 7797 11551
964 7798 13498
965 7827 8004
966 7837 9860
967 7837 12223
968 7844 19891
969 7844 20801
970 7871 3245
971 7887 6033
972 7893 10562
973 7895 23138
974 7902 22499
975 7917 2514
976 7931 18372
977 7933 20816
978 7941 1196
979 7950 19630
980 7955 10457
981 7978 15418
982 7990 10521
983 7990 22222
984 8004 17713
985 8009 34
986 8015 19164
987 8017 14023
988 8025 17182
989 8029 6616
990 8030 13537
991 8053 1797
992 8056 19152
993 8072 23370
994 8077 21058
995 8081 1619
996 8089 17211
997 8094 12714
998 8099 3906
999 8104 20390
1000 8125 13422
1001 8146 9665
1002 8154 17565
1003 8178 21431
1004 8183 14248
1005 8196 20171
1006 8210 23107
1007 8215 7722
1008 8227 14829
1009 8245 15526
1010 8249 8012
1011 8264 13568
1012 8267 19865
1013 8267 19977
1014 8289 23391
1015 8291 20280
1016 8291 23372
1017 8295 21994
1018 8296 983
1019 8316 12279
1020 8322 9300
1021 8327 1471
1022 8342 9666
1023 8359 8118
1024 8375 23362
1025 8375 23648
1026 8376 14390
1027 8388 22729
1028 8390 3547
1029 8394 23264
1030 8398 11504
1031 8405 19422
1032 8427 17672
1033 8428 8763
1034 8443 17227
1035 8450 13068
1036 8453 21390
1037 8477 18158
1038 8478 21456
1039 8478 22328
1040 8481 15528
1041 8489 17207
1042 8493 15350
1043 8501 9734
1044 8507 12331
1045 8510 22027
1046 8514 10033
1047 8535 3107
1048 8535 6069
1049 8549 17720
1050 8556 3382
1051 8558 10471
1052 8558 11857
1053 8560 19846
1054 8560 20638
1055 8561 66
1056 8564 18655
1057 8574 5308
1058 8574 7386
1059 8577 13848
1060 8578 5969
1061 8604 6474
1062 8605 16525
1063 8609 1971
1064 8617 18805
1065 8631 4734
1066 8672 6307
1067 8673 21941
1068 8684 18686
1069 8686 6220
1070 8691 23567
1071 8692 20774
1072 8697 5327
1073 8701 23111
1074 8713 14653
1075 8721 19684
1076 8724 20003
1077 8729 18880
1078 8733 18983
1079 8737 4479
1080 8739 21009
1081 8741 13914
1082 8743 1599
1083 8743 5792
1084 8752 11831
1085 8753 6286
1086 8755 14438
1087 8756 4330
1088 8757 3391
1089 8758 7265
1090 8780 18989
1091 8789 2536
1092 8795 17533
1093 8802 11186
1094 8810 11971
1095 8813 19988
1096 8829 16970
1097 8836 11367
1098 8863 8287
1099 8867 723
1100 8869 7597
1101 8869 20552
1102 8872 5269
1103 8889 21506
1104 8893 13622
1105 8899 15398
1106 8900 17556
1107 8913 15660
1108 8919 5834
1109 8932 18972
1110 8932 21424
1111 8935 3182
1112 8959 15666
1113 8970 4784
1114 8971 19335
1115 8983 5792
1116 8988 9396
1117 8999 7353
1118 9005 12113
1119 9009 22496
1120 9010 8961
1121 9028 18930
1122 9037 4306
1123 9039 1813
1124 9039 4673
1125 9058 15755
1126 9065 21514
1127 9067 13692
1128 9071 6967
1129 9076 13776
1130 9081 4880
1131 9096 10557
1132 9097 129
1133 9107 1272
1134 9122 20933
1135 9132 7123
1136 9133 7210
1137 9143 9744
1138 9144 15382
1139 9147 7344
1140 9159 13473
1141 9166 9341
1142 9177 23551
1143 9188 2423
1144 9192 18178
1145 9194 23385
1146 9201 15747
1147 9211 16046
1148 9214 13692
1149 9214 22831
1150 9218 2776
1151 9231 9690
1152 9241 9480
1153 9248 18457
1154 9249 22340
1155 9261 2843
1156 9261 17629
1157 9264 22359
1158 9277 7119
1159 9294 17429
1160 9299 23369
1161 9307 9486
1162 9318 16843
1163 9326 18272
1164 9332 4876
1165 9332 14935
1166 9334 14340
1167 9341 1882
1168 9341 21657
1169 9345 22555
1170 9359 13021
1171 9367 15371
1172 9369 4969
1173 9370 19186
1174 9396 9197
1175 9399 1012
1176 9401 22525
1177 9403 1422
1178 9418 20404
1179 9420 9600
1180 9428 3999
1181 9429 8257
1182 9437 5800
1183 9437 15144
1184 9458 11265
1185 9481 14041
1186 9485 7131
1187 9485 7933
1188 9492 22111
1189 9494 9340
1190 9500 4780
1191 9500 23962
1192 9509 23299
1193 9526 3556
1194 9529 15802
1195 9546 22506
1196 9557 22611
1197 9573 23432
1198 9589 16176
1199 9599 9290
1200 9604 11709
1201 9612 2693
1202 9616 15831
1203 9617 2919
1204 9624 4970
1205 9624 15740
1206 9627 16035
1207 9630 4461
1208 9643 4078
1209 9645 17419
1210 9655 6952
1211 9660 1633
1212 9660 17250
1213 9667 11756
1214 9700 8947
1215 9703 10028
1216 9709 16782
1217 9721 8595
1218 9724 5714
1219 9737 11507
1220 9747 22968
1221 9750 4759
1222 9754 5625
1223 9764 8845
1224 9778 16133
1225 9781 8975
1226 9786 19611
1227 9793 11550
1228 9796 22926
1229 9800 15518
1230 9804 10848
1231 9811 2733
1232 9811 16168
1233 9821 7815
1234 9823 4510
1235 9837 2568
1236 9838 9211
1237 9839 13155
1238 9872 2805
1239 9874 7477
1240 9878 10498
1241 9886 5948
1242 9893 6529
1243 9893 12968
1244 9900 3858
1245 9907 7957
1246 9920 10039
1247 9926 4379
1248 9933 22325
1249 9962 1461
1250 9974 20692
1251 9982 18102
1252 9990 9105
1253 10000 8259
1254 10003 13341
1255 10008 3771
1256 10011 13608
1257 10023 7412
1258 10026 1926
1259 10036 15754
1260 10036 15940
1261 10039 10888
1262 10045 3091
1263 10047 21695
1264 10048 20298
1265 10054 10689
1266 10055 12592
1267 10064 9199
1268 10076 17994
1269 10081 10678
1270 10096 7066
1271 10105 22494
1272 10112 20743
1273 10117 21387
1274 10122 3324
1275 10129 13647
1276 10148 21471
1277 10150 15723
1278 10160 7844
1279 10163 18835
1280 10190 6573
1281 10199 2989
1282 10202 1724
1283 10202 3232
1284 10206 10975
1285 10206 21249
1286 10207 21518
1287 10219 14945
1288 10226 931
1289 10230 2613
1290 10240 12529
1291 10256 4707
1292 10256 20878
1293 10259 167
1294 10283 19522
1295 10301 4752
1296 10303 14531
1297 10311 5768
1298 10317 16678
1299 10321 22871
1300 10333 9447
1301 10333 17401
1302 10348 19499
1303 10349 19091
1304 10357 15995
1305 10362 16866
1306 10370 10341
1307 10370 22330
1308 10421 16383
1309 10427 3107
1310 10439 15636
1311 10455 7717
1312 10456 5496
1313 10460 23336
1314 10462 21017
1315 10462 21301
1316 10463 16089
1317 10464 3051
1318 10492 218
1319 10505 7304
1320 10509 11117
1321 10518 7368
1322 10520 4517
1323 10536 23380
1324 10554 2544
1325 10556 6420
1326 10573 7758
1327 10576 8556
1328 10586 11277
1329 10612 1651
1330 10614 6525
1331 10629 20781
1332 10646 2779
1333 10646 5164
1334 10653 5889
1335 10653 12985
1336 10665 18449
1337 10666 3738
1338 10686 8498
1339 10690 20756
1340 10724 3837
1341 10730 3556
1342 10733 4355
1343 10741 8270
1344 10742 6410
1345 10746 11620
1346 10747 157
1347 10760 13514
1348 10770 19456
1349 10779 3609
1350 10782 21026
1351 10796 487
1352 10823 8635
1353 10831 7843
1354 10831 19055
1355 10847 8476
1356 10848 11447
1357 10866 11563
1358 10874 22777
1359 10876 17234
1360 10896 2756
1361 10905 20530
1362 10910 654
1363 10928 7854
1364 10936 2192
1365 10945 23723
1366 10953 5245
1367 10965 15295
1368 10967 10086
1369 10986 20872
1370 11008 17180
1371 11010 21258
1372 11023 23367
1373 11029 3771
1374 11031 6080
1375 11031 13037
1376 11033 23876
1377 11041 3926
1378 11042 9165
1379 11047 6795
1380 11069 13438
1381 11074 1322
1382 11117 14129
1383 11119 3476
1384 11123 2564
1385 11132 12839
1386 11135 15083
1387 11154 3766
1388 11163 1799
1389 11169 7392
1390 11182 22305
1391 11184 14573
1392 11186 9952
1393 11187 5834
1394 11193 8108
1395 11199 888
1396 11199 14037
1397 11206 14468
1398 11211 9596
1399 11220 18914
1400 11222 1016
1401 11223 8872
1402 11229 22665
1403 11231 8534
1404 11232 1002
1405 11238 9309
1406 11246 8480
1407 11256 8145
1408 11256 8857
1409 11285 181
1410 11286 1362
1411 11287 14105
1412 11294 10391
1413 11298 2887
1414 11302 23761
1415 11312 12646
1416 11329 17232
1417 11332 3292
1418 11334 19342
1419 11344 2246
1420 11346 20549
1421 11352 19831
1422 11363 22482
1423 11365 1954
1424 11365 7788
1425 11368 5952
1426 11372 1481
1427 11373 854
1428 11379 10083
1429 11379 23499
1430 11381 17459
1431 11420 12100
1432 11420 22696
1433 11421 20928
1434 11423 19256
1435 11432 7768
1436 11434 19668
1437 11440 5960
1438 11447 16973
1439 11454 21756
1440 11455 6482
1441 11459 21214
1442 11463 16559
1443 11465 9307
1444 11470 22695
1445 11473 18089
1446 11479 19555
1447 11498 16959
1448 11502 17484
1449 11524 17129
1450 11531 8683
1451 11532 13449
1452 11533 1877
1453 11547 3946
1454 11549 23841
1455 11552 8741
1456 11558 14824
1457 11571 10644
1458 11572 5030
1459 11574 317
1460 11574 8998
1461 11586 11396
1462 11588 16035
1463 11596 1562
1464 11605 3590
1465 11613 12015
1466 11616 15259
1467 11621 8019
1468 11626 9244
1469 11637 9536
1470 11638 19677
1471 11644 11151
1472 11651 20551
1473 11676 9585
1474 11683 22709
1475 11696 21598
1476 11715 12054
1477 11722 13254
1478 11729 14185
1479 11746 16061
1480 11750 11772
1481 11770 16267
1482 11771 19481
1483 11773 668
1484 11775 16066
1485 11783 20755
1486 11787 20136
1487 11793 17306
1488 11809 22418
1489 11817 1456
1490 11822 6602
1491 11825 23723
1492 11839 9130
1493 11851 2522
1494 11872 15873
1495 11883 4049
1496 11883 8520
1497 11893 21533
1498 11927 7154
1499 11937 6013
1500 11945 15332
1501 11959 14711
1502 11970 10623
1503 11978 13407
1504 11984 3073
1505 11991 21485
1506 12001 4889
1507 12004 23303
1508 12027 11296
1509 12029 15799
1510 12059 10431
1511 12070 3367
1512 12072 11417
1513 12077 10739
1514 12078 23043
1515 12085 13463
1516 12086 11420
1517 12086 12031
1518 12088 18459
1519 12108 21500
1520 12124 16498
1521 12139 5368
1522 12140 3646
1523 12150 5688
1524 12160 581
1525 12162 14151
1526 12175 7168
1527 12175 14734
1528 12179 398
1529 12189 16298
1530 12197 12219
1531 12204 16530
1532 12211 15007
1533 12214 2031
1534 12216 6088
1535 12252 5312
1536 12259 637
1537 12259 8067
1538 12301 7290
1539 12302 4902
1540 12306 6033
1541 12308 14643
1542 12310 11040
1543 12311 19314
1544 12329 17718
1545 12333 22885
1546 12348 10295
1547 12357 2299
1548 12357 13697
1549 12370 3425
1550 12379 2062
1551 12396 17447
1552 12397 19685
1553 12405 14557
1554 12411 21070
1555 12416 9251
1556 12427 858
1557 12435 7351
1558 12447 16123
1559 12451 6429
1560 12452 20318
1561 12453 22457
1562 12458 15688
1563 12487 18062
1564 12489 10852
1565 12493 2741
1566 12499 6493
1567 12507 15508
1568 12540 1841
1569 12542 8153
1570 12564 18386
1571 12571 750
1572 12577 7857
1573 12582 15524
1574 12585 2992
1575 12585 5059
1576 12588 17332
1577 12607 8595
1578 12616 7251
1579 12635 20875
1580 12638 13166
1581 12646 14430
1582 12653 14631
1583 12666 19
1584 12668 22767
1585 12677 5241
1586 12680 15525
1587 12694 3280
1588 12705 12333
1589 12707 2016
1590 12707 10848
1591 12710 1698
1592 12714 15764
1593 12718 22720
1594 12755 3512
1595 12761 21463
1596 12768 21587
1597 12770 12824
1598 12771 2945
1599 12773 18610
1600 12799 1720
1601 12799 11692
1602 12802 23706
1603 12804 3636
1604 12808 15775
1605 12818 16238
1606 12821 6673
1607 12822 17947
1608 12829 12161
1609 12841 12459
1610 12847 8545
1611 12847 20382
1612 12857 14994
1613 12883 20833
1614 12888 10835
1615 12902 12324
1616 12907 22495
1617 12908 3875
1618 12908 11844
1619 12910 22165
1620 12910 23632
1621 12915 17479
1622 12918 2313
1623 12919 21190
1624 12925 7671
1625 12932 1062
1626 12940 4632
1627 12955 15734
1628 12957 9640
1629 12962 10261
1630 12966 21740
1631 12981 16841
1632 12990 15109
1633 12991 17071
1634 12995 20873
1635 13004 3733
1636 13010 16524
1637 13016 20957
1638 13025 5795
1639 13045 23137
1640 13064 14585
1641 13070 22972
1642 13074 20931
1643 13077 17870
1644 13078 7678
1645 13095 22738
1646 13110 5257
1647 13125 19523
1648 13142 14800
1649 13150 16984
1650 13151 13774
1651 13169 13898
1652 13169 23915
1653 13171 13773
1654 13174 20949
1655 13178 18231
1656 13182 20691
1657 13198 22531
1658 13199 23482
1659 13203 11737
1660 13209 13396
1661 13211 18231
1662 13224 282
1663 13230 686
1664 13243 18204
1665 13256 18383
1666 13256 20370
1667 13266 21044
1668 13279 14433
1669 13282 1255
1670 13289 16372
1671 13295 558
1672 13303 15222
1673 13305 2610
1674 13307 15199
1675 13314 9738
1676 13339 4730
1677 13375 3308
1678 13379 18491
1679 13396 12425
1680 13400 14221
1681 13402 17226
1682 13410 9675
1683 13416 1377
1684 13418 11868
1685 13424 9625
1686 13435 17888
1687 13447 8727
1688 13452 23197
1689 13455 1266
1690 13507 7324
1691 13519 17778
1692 13521 15753
1693 13528 9018
1694 13534 13778
1695 13568 1116
1696 13575 13297
1697 13589 20602
1698 13592 782
1699 13597 15765
1700 13603 6334
1701 13606 14661
1702 13617 21721
1703 13623 22589
1704 13635 20492
1705 13636 14689
1706 13658 12211
1707 13663 2238
1708 13663 11699
1709 13673 9026
1710 13679 18586
1711 13697 4380
1712 13699 5568
1713 13704 4335
1714 13721 3194
1715 13727 16085
1716 13736 11116
1717 13759 13055
1718 13761 17365
1719 13768 5171
1720 13781 21007
1721 13803 5854
1722 13809 12812
1723 13812 19500
1724 13819 8738
1725 13851 9447
1726 13855 6940
1727 13861 3640
1728 13862 11473
1729 13894 117
1730 13903 15568
1731 13911 16006
1732 13912 3090
1733 13915 18311
1734 13931 17444
1735 13932 19818
1736 13950 17331
1737 13952 22382
1738 13966 12302
1739 13981 3962
1740 13983 13414
1741 14014 16630
1742 14023 21628
1743 14032 14717
1744 14043 21006
1745 14095 4823
1746 14096 21937
1747 14109 14792
1748 14122 23123
1749 14125 7537
1750 14138 18006
1751 14157 5495
1752 14171 3515
1753 14182 20503
1754 14183 20836
1755 14187 16158
1756 14188 16322
1757 14197 7741
1758 14213 13490
1759 14231 12776
1760 14238 2104
1761 14245 16809
1762 14249 4039
1763 14258 22365
1764 14271 10031
1765 14277 15443
1766 14278 5138
1767 14285 20768
1768 14290 6265
1769 14290 12331
1770 14296 16978
1771 14305 3784
1772 14305 6178
1773 14313 11059
1774 14323 4006
1775 14329 6980
1776 14332 20297
1777 14350 7163
1778 14360 5707
1779 14371 15794
1780 14373 16900
1781 14374 3075
1782 14382 18069
1783 14384 17215
1784 14403 8074
1785 14411 8823
1786 14412 623
1787 14436 13740
1788 14453 19406
1789 14454 14541
1790 14459 707
1791 14464 574
1792 14502 12010
1793 14506 10759
1794 14514 19461
1795 14538 20954
1796 14540 11552
1797 14540 20329
1798 14552 15836
1799 14559 820
1800 14562 1051
1801 14568 3304
1802 14595 15019
1803 14599 15420
1804 14601 9036
1805 14608 7851
1806 14612 10305
1807 14614 6887
1808 14617 2521
1809 14628 1747
1810 14628 17708
1811 14664 18125
1812 14666 6850
1813 14672 17300
1814 14673 15569
1815 14698 19898
1816 14702 1353
1817 14705 1759
1818 14724 17105
1819 14733 15685
1820 14736 22128
1821 14741 8296
1822 14756 4921
1823 14760 20339
1824 14762 1147
1825 14773 11184
1826 14777 7649
1827 14790 22946
1828 14792 22519
1829 14796 8550
1830 14803 2729
1831 14814 11108
1832 14818 19627
1833 14846 5390
1834 14866 15115
1835 14874 21574
1836 14895 13403
1837 14899 7146
1838 14926 12465
1839 14928 4555
1840 14933 7189
1841 14944 12441
1842 14953 1417
1843 14955 295
1844 14956 17398
1845 14957 4368
1846 14960 7343
1847 14962 12739
1848 14969 1684
1849 14969 19510
1850 14981 5123
1851 14991 16886
1852 14997 23298
1853 14998 16855
1854 15001 16022
1855 15002 2546
1856 15010 728
1857 15013 150
1858 15015 12438
1859 15018 13929
1860 15020 3015
1861 15020 19129
1862 15037 152
1863 15044 12099
1864 15047 21888
1865 15052 4738
1866 15068 4529
1867 15070 12894
1868 15074 6943
1869 15076 12116
1870 15090 12673
1871 15093 10911
1872 15093 11183
1873 15100 23126
1874 15104 23207
1875 15109 23623
1876 15143 6940
1877 15143 22826
1878 15154 16947
1879 15160 14344
1880 15170 10135
1881 15189 11934
1882 15193 1810
1883 15198 5460
1884 15200 20910
1885 15214 16916
1886 15223 14054
1887 15228 10994
1888 15244 12628
1889 15260 1215
1890 15263 20315
1891 15267 23380
1892 15268 6444
1893 15268 9789
1894 15273 20716
1895 15276 14214
1896 15280 2883
1897 15284 9680
1898 15289 18029
1899 15291 1221
1900 15300 15280
1901 15301 481
1902 15302 1679
1903 15302 5856
1904 15303 966
1905 15305 11125
1906 15305 14217
1907 15308 12701
1908 15321 19323
1909 15323 7408
1910 15325 1096
1911 15325 12758
1912 15330 6737
1913 15344 5837
1914 15349 21521
1915 15354 7059
1916 15361 11956
1917 15366 3785
1918 15368 12217
1919 15375 7121
1920 15384 15053
1921 15394 20659
1922 15396 13118
1923 15413 12619
1924 15413 19901
1925 15418 15993
1926 15429 10857
1927 15430 17391
1928 15433 1980
1929 15434 17777
1930 15434 19745
1931 15435 14030
1932 15442 16584
1933 15442 17045
1934 15460 9695
1935 15461 5132
1936 15462 18366
1937 15468 575
1938 15468 22672
1939 15477 1231
1940 15481 15490
1941 15486 915
1942 15488 19923
1943 15494 20680
1944 15495 10802
1945 15497 4708
1946 15497 4853
1947 15512 18232
1948 15512 21303
1949 15516 10780
1950 15535 14866
1951 15550 904
1952 15554 4023
1953 15566 10985
1954 15590 16829
1955 15591 13548
1956 15618 8632
1957 15632 2430
1958 15636 5398
1959 15638 12716
1960 15658 17185
1961 15661 6524
1962 15676 4723
1963 15682 21095
1964 15683 4783
1965 15691 16509
1966 15697 4330
1967 15697 4349
1968 15699 10531
1969 15707 20380
1970 15713 15959
1971 15724 12099
1972 15733 17497
1973 15736 6775
1974 15744 1006
1975 15751 2945
1976 15752 6126
1977 15757 2557
1978 15767 3150
1979 15783 143
1980 15790 18897
1981 15810 4278
1982 15823 9079
1983 15834 23253
1984 15836 6554
1985 15842 12366
1986 15851 8665
1987 15861 5856
1988 15861 15904
1989 15867 664
1990 15874 2887
1991 15879 1856
1992 15909 18141
1993 15917 17077
1994 15931 16240
1995 15938 18424
1996 15970 6593
1997 15978 6996
1998 15978 10223
1999 15980 3242
2000 15987 13356
2001 15988 7183
2002 15991 9704
2003 15992 6608
2004 15994 4505
2005 16008 6815
2006 16015 16849
2007 16040 3535
2008 16041 2341
2009 16058 22396
2010 16064 4543
2011 16064 8833
2012 16070 9672
2013 16073 3523
2014 16074 14324
2015 16090 12908
2016 16106 713
2017 16110 9529
2018 16112 22693
2019 16125 12061
2020 16137 20793
2021 16144 2798
2022 16157 21386
2023 16158 9263
2024 16171 21301
2025 16176 14092
2026 16179 19031
2027 16187 20300
2028 16200 1840
2029 16200 7950
2030 16220 5030
2031 16234 8471
2032 16246 19075
2033 16251 18475
2034 16270 14082
2035 16275 3672
2036 16275 19164
2037 16288 8746
2038 16288 21675
2039 16308 6095
2040 16316 4335
2041 16349 18858
2042 16357 5146
2043 16358 19900
2044 16371 19468
2045 16374 11459
2046 16379 5176
2047 16397 3760
2048 16401 8367
2049 16412 4210
2050 16413 10951
2051 16418 7697
2052 16428 14213
2053 16430 12493
2054 16432 1524
2055 16432 17693
2056 16437 987
2057 16453 7401
2058 16458 187
2059 16459 8208
2060 16476 430
2061 16484 16327
2062 16502 3079
2063 16523 7247
2064 16524 11359
2065 16525 5694
2066 16527 120
2067 16531 16239
2068 16534 14661
2069 16540 13616
2070 16551 11329
2071 16557 17733
2072 16560 19441
2073 16563 8580
2074 16576 17287
2075 16589 23412
2076 16591 33
2077 16602 19465
2078 16606 1732
2079 16609 3990
2080 16610 14430
2081 16610 16637
2082 16610 19180
2083 16616 16867
2084 16632 6921
2085 16635 6317
2086 16648 3250
2087 16653 18442
2088 16662 5374
2089 16670 10681
2090 16675 13980
2091 16678 16719
2092 16689 17438
2093 16696 8644
2094 16698 5259
2095 16712 14277
2096 16715 6917
2097 16716 17866
2098 16721 7909
2099 16725 18307
2100 16746 9859
2101 16746 22555
2102 16747 9376
2103 16752 14139
2104 16754 202
2105 16757 14408
2106 16762 1063
2107 16773 22779
2108 16776 10035
2109 16779 22449
2110 16787 11736
2111 16792 4191
2112 16796 7864
2113 16796 11595
2114 16796 21039
2115 16800 13145
2116 16816 8009
2117 16829 16326
2118 16851 21093
2119 16860 11179
2120 16861 22843
2121 16882 20520
2122 16892 1804
2123 16912 22366
2124 16927 15809
2125 16930 22632
2126 16931 15467
2127 16934 989
2128 16942 22554
2129 16943 1005
2130 16943 21394
2131 16946 21395
2132 16949 13676
2133 16959 10477
2134 16960 11964
2135 16965 16067
2136 16967 23008
2137 16973 17812
2138 16987 7126
2139 16994 6755
2140 16997 2144
2141 16998 896
2142 16999 10626
2143 17001 7547
2144 17003 2500
2145 17011 15053
2146 17039 17447
2147 17054 17229
2148 17060 21088
2149 17076 18437
2150 17076 21744
2151 17087 10787
2152 17109 19786
2153 17127 12200
2154 17164 807
2155 17173 16589
2156 17174 19797
2157 17180 12647
2158 17181 8588
2159 17181 22201
2160 17189 18287
2161 17193 7417
2162 17196 5093
2163 17214 6581
2164 17231 10037
2165 17237 12876
2166 17241 9167
2167 17244 20673
2168 17247 5424
2169 17253 10763
2170 17256 6475
2171 17259 533
2172 17259 8076
2173 17261 22164
2174 17272 5559
2175 17275 9611
2176 17280 11273
2177 17281 9656
2178 17291 10726
2179 17293 2205
2180 17295 8434
2181 17297 1302
2182 17322 11634
2183 17334 11895
2184 17338 23744
2185 17345 3055
2186 17356 23087
2187 17360 15867
2188 17367 11380
2189 17371 10477
2190 17377 23956
2191 17386 3127
2192 17388 994
2193 17393 12213
2194 17399 20147
2195 17401 12118
2196 17410 1094
2197 17412 20508
2198 17418 13029
2199 17426 7066
2200 17442 15239
2201 17450 9114
2202 17457 22160
2203 17470 5179
2204 17475 17837
2205 17485 22525
2206 17489 14330
2207 17499 7401
2208 17504 20488
2209 17505 23198
2210 17509 18990
2211 17542 22075
2212 17546 7474
2213 17546 22450
2214 17569 16877
2215 17574 11882
2216 17577 20928
2217 17591 20317
2218 17593 4041
2219 17593 14206
2220 17599 1895
2221 17603 22350
2222 17604 7839
2223 17619 14653
2224 17627 1525
2225 17628 5203
2226 17630 8751
2227 17630 15811
2228 17633 12898
2229 17652 8731
2230 17664 18270
2231 17667 6404
2232 17670 15974
2233 17679 82
2234 17683 5454
2235 17688 2046
2236 17702 2481
2237 17705 421
2238 17712 4404
2239 17720 4317
2240 17720 23927
2241 17728 14396
2242 17738 7252
2243 17740 5934
2244 17750 424
2245 17758 15332
2246 17764 7995
2247 17769 4413
2248 17770 16046
2249 17771 2444
2250 17779 18759
2251 17786 8170
2252 17788 3115
2253 17789 4651
2254 17793 18482
2255 17794 1030
2256 17809 3140
2257 17813 10974
2258 17819 213
2259 17824 14378
2260 17827 12739
2261 17839 17001
2262 17849 17263
2263 17855 3229
2264 17868 7728
2265 17877 541
2266 17879 17934
2267 17893 3898
2268 17912 1166
2269 17917 1463
2270 17921 533
2271 17927 22057
2272 17936 6084
2273 17947 18476
2274 17992 6777
2275 18006 9570
2276 18025 1237
2277 18025 23678
2278 18027 22798
2279 18028 379
2280 18030 5645
2281 18031 13378
2282 18038 20690
2283 18045 9880
2284 18051 8423
2285 18059 23816
2286 18069 15016
2287 18070 3694
2288 18071 15740
2289 18078 7436
2290 18080 51
2291 18081 18219
2292 18085 7262
2293 18102 4312
2294 18116 18342
2295 18123 827
2296 18127 23496
2297 18135 17638
2298 18142 12638
2299 18159 111
2300 18161 2760
2301 18193 8671
2302 18217 6303
2303 18235 19451
2304 18236 23956
2305 18240 13495
2306 18246 21486
2307 18247 7517
2308 18249 19562
2309 18249 21927
2310 18250 7932
2311 18261 2016
2312 18269 22461
2313 18273 9764
2314 18275 5272
2315 18276 21137
2316 18285 10102
2317 18285 17192
2318 18289 3020
2319 18290 6365
2320 18291 2446
2321 18300 23424
2322 18304 8471
2323 18304 11922
2324 18308 612
2325 18308 16195
2326 18310 23373
2327 18311 7259
2328 18311 19870
2329 18332 12856
2330 18334 23073
2331 18347 23325
2332 18350 7067
2333 18354 11471
2334 18361 15659
2335 18365 5696
2336 18379 2977
2337 18387 1269
2338 18387 23107
2339 18410 9443
2340 18416 8691
2341 18424 733
2342 18491 6052
2343 18526 5729
2344 18528 2128
2345 18529 20660
2346 18533 19534
2347 18544 1272
2348 18561 95
2349 18565 19825
2350 18581 20964
2351 18583 16126
2352 18592 99
2353 18598 3942
2354 18631 8420
2355 18647 7572
2356 18651 15028
2357 18657 14029
2358 18661 18082
2359 18663 5310
2360 18676 16563
2361 18691 18195
2362 18698 12519
2363 18705 6639
2364 18715 4372
2365 18726 2528
2366 18732 23499
2367 18742 8034
2368 18743 10303
2369 18745 12556
2370 18751 22214
2371 18758 3472
2372 18792 16076
2373 18802 15004
2374 18825 19585
2375 18831 8586
2376 18832 10413
2377 18844 9428
2378 18854 19083
2379 18865 22269
2380 18892 1517
2381 18894 7154
2382 18899 13439
2383 18905 277
2384 18908 3158
2385 18910 10148
2386 18911 23452
2387 18912 20516
2388 18925 13800
2389 18944 7152
2390 18948 1774
2391 18954 1701
2392 18954 2511
2393 18957 10186
2394 18984 149
2395 18988 4654
2396 18991 21713
2397 18999 19053
2398 19002 1815
2399 19015 3512
2400 19017 16995
2401 19024 12174
2402 19043 18149
2403 19049 18329
2404 19050 7640
2405 19057 5664
2406 19057 5953
2407 19059 9967
2408 19064 9481
2409 19069 1015
2410 19075 17752
2411 19080 3049
2412 19083 15145
2413 19088 21807
2414 19105 11912
2415 19111 17465
2416 19123 18523
2417 19141 19240
2418 19148 5299
2419 19148 12025
2420 19154 14349
2421 19154 15180
2422 19159 18687
2423 19162 9082
2424 19168 12068
2425 19178 13645
2426 19188 19717
2427 19193 6492
2428 19206 22482
2429 19225 1895
2430 19254 3821
2431 19258 3770
2432 19275 3456
2433 19277 5311
2434 19292 6734
2435 19292 16493
2436 19306 21135
2437 19316 19149
2438 19319 21830
2439 19327 4109
2440 19330 603
2441 19339 15634
2442 19352 10791
2443 19356 12516
2444 19363 875
2445 19364 21684
2446 19376 23247
2447 19380 11694
2448 19419 1306
2449 19425 20362
2450 19430 21695
2451 19432 12925
2452 19439 13130
2453 19449 12567
2454 19452 1835
2455 19455 20909
2456 19463 4781
2457 19470 3035
2458 19471 5348
2459 19488 19301
2460 19494 4669
2461 19500 13269
2462 19504 10390
2463 19504 20851
2464 19504 21078
2465 19508 15708
2466 19519 21140
2467 19541 13878
2468 19543 18726
2469 19543 22563
2470 19550 12106
2471 19550 17324
2472 19568 12189
2473 19569 681
2474 19589 15109
2475 19616 16173
2476 19639 17820
2477 19655 3621
2478 19672 1412
2479 19675 15534
2480 19676 3817
2481 19744 11971
2482 19744 22037
2483 19746 6574
2484 19753 22707
2485 19760 8974
2486 19762 22170
2487 19778 10248
2488 19789 19876
2489 19793 22680
2490 19797 20956
2491 19815 11374
2492 19818 11222
2493 19826 16995
2494 19856 12385
2495 19856 21720
2496 19889 17113
2497 19893 8932
2498 19910 3748
2499 19910 8649
2500 19927 14316
2501 19936 20598
2502 19939 20923
2503 19939 21586
2504 19943 14429
2505 19944 12174
2506 19948 18862
2507 19952 1704
2508 19965 17503
2509 19967 8216
2510 19974 14700
2511 19997 9564
2512 19998 4296
2513 19999 11207
2514 20003 20922
2515 20004 18435
2516 20006 690
2517 20007 11619
2518 20011 12089
2519 20027 7741
2520 20027 23216
2521 20028 22940
2522 20042 7008
2523 20049 1888
2524 20058 12060
2525 20085 10736
2526 20085 17232
2527 20086 4340
2528 20090 9516
2529 20115 16454
2530 20121 2137
2531 20123 23459
2532 20128 3643
2533 20137 4976
2534 20138 11114
2535 20164 15340
2536 20175 22109
2537 20176 13458
2538 20192 14240
2539 20198 20179
2540 20201 5900
2541 20201 17487
2542 20224 23372
2543 20254 23059
2544 20264 13436
2545 20281 13971
2546 20286 4610
2547 20286 20472
2548 20293 21214
2549 20299 14974
2550 20305 9904
2551 20326 6147
2552 20335 746
2553 20337 13948
2554 20338 10804
2555 20341 18530
2556 20342 11366
2557 20348 7366
2558 20351 9733
2559 20352 14897
2560 20355 10031
2561 20355 15531
2562 20356 19847
2563 20362 11483
2564 20364 10893
2565 20368 4559
2566 20368 14523
2567 20381 2428
2568 20387 20934
2569 20396 4570
2570 20409 14490
2571 20424 1960
2572 20433 463
2573 20448 13909
2574 20461 15728
2575 20487 14246
2576 20487 17117
2577 20498 18682
2578 20504 19174
2579 20505 3601
2580 20505 9839
2581 20505 12781
2582 20505 17708
2583 20508 6619
2584 20521 18378
2585 20522 8951
2586 20522 10939
2587 20525 10133
2588 20526 19816
2589 20528 12248
2590 20549 3814
2591 20563 23676
2592 20566 16195
2593 20587 1213
2594 20600 10356
2595 20605 12777
2596 20606 20415
2597 20615 5142
2598 20635 9014
2599 20669 1318
2600 20671 10993
2601 20675 4009
2602 20682 562
2603 20682 20876
2604 20684 721
2605 20688 17688
2606 20695 12500
2607 20720 11307
2608 20728 9088
2609 20733 5854
2610 20733 17967
2611 20743 22378
2612 20755 11164
2613 20756 9674
2614 20765 4785
2615 20766 3555
2616 20772 7139
2617 20775 19935
2618 20778 6218
2619 20780 14535
2620 20782 8262
2621 20792 11178
2622 20792 23306
2623 20793 21375
2624 20810 11484
2625 20825 21823
2626 20828 14414
2627 20834 23852
2628 20843 5602
2629 20845 22410
2630 20847 2428
2631 20854 16186
2632 20866 6761
2633 20873 14598
2634 20874 19228
2635 20875 5658
2636 20875 18656
2637 20877 9720
2638 20880 19536
2639 20895 834
2640 20896 11933
2641 20921 18746
2642 20923 13047
2643 20950 20532
2644 20953 21631
2645 20969 23070
2646 20983 15155
2647 21006 8579
2648 21012 8830
2649 21015 20441
2650 21021 3299
2651 21030 11356
2652 21037 6276
2653 21038 17382
2654 21042 14691
2655 21053 16191
2656 21060 17602
2657 21068 14587
2658 21069 9004
2659 21078 984
2660 21089 6913
2661 21092 12632
2662 21098 23442
2663 21102 10757
2664 21120 2751
2665 21155 20351
2666 21167 6658
2667 21169 8415
2668 21171 9828
2669 21179 9075
2670 21189 16074
2671 21192 11531
2672 21202 23722
2673 21224 9712
2674 21228 14880
2675 21232 12301
2676 21240 8868
2677 21256 13957
2678 21263 9555
2679 21280 22599
2680 21297 15339
2681 21299 15068
2682 21306 22058
2683 21310 8013
2684 21319 9626
2685 21325 2565
2686 21327 21338
2687 21343 20006
2688 21349 23944
2689 21354 22253
2690 21361 10866
2691 21362 3852
2692 21367 4170
2693 21375 3548
2694 21392 6398
2695 21393 6186
2696 21400 10304
2697 21409 64
2698 21409 18824
2699 21409 22313
2700 21418 7518
2701 21421 3045
2702 21427 13206
2703 21428 21495
2704 21428 23922
2705 21435 10902
2706 21448 16297
2707 21452 21840
2708 21462 18221
2709 21465 10464
2710 21477 23170
2711 21480 16370
2712 21487 2278
2713 21487 18368
2714 21489 2150
2715 21495 15052
2716 21498 8230
2717 21500 16279
2718 21502 21470
2719 21513 2542
2720 21538 930
2721 21540 7061
2722 21543 307
2723 21548 21093
2724 21550 9094
2725 21551 17717
2726 21568 3236
2727 21578 18179
2728 21590 7706
2729 21590 22101
2730 21590 23370
2731 21594 15358
2732 21603 9018
2733 21606 12748
2734 21624 1717
2735 21628 62
2736 21634 22914
2737 21638 16865
2738 21643 13045
2739 21650 15163
2740 21654 4889
2741 21657 1538
2742 21668 14530
2743 21686 23588
2744 21697 16992
2745 21698 7510
2746 21701 1671
2747 21705 7639
2748 21733 13614
2749 21734 20526
2750 21741 15606
2751 21743 5309
2752 21743 6176
2753 21744 1933
2754 21744 12350
2755 21766 13565
2756 21774 18572
2757 21775 17459
2758 21777 7126
2759 21783 15196
2760 21784 15280
2761 21787 23319
2762 21808 17713
2763 21810 6337
2764 21818 19110
2765 21820 9358
2766 21822 23655
2767 21823 16965
2768 21828 8907
2769 21836 18171
2770 21855 16807
2771 21860 17319
2772 21867 5202
2773 21868 2052
2774 21869 7658
2775 21880 13406
2776 21900 84
2777 21904 4017
2778 21904 12299
2779 21904 22443
2780 21913 19397
2781 21921 10872
2782 21923 10060
2783 21940 323
2784 21940 18905
2785 21955 7817
2786 21955 14099
2787 21961 10994
2788 21967 8100
2789 21967 15316
2790 21973 23029
2791 21986 5070
2792 21991 23277
2793 22002 4900
2794 22006 16729
2795 22013 11840
2796 22026 21345
2797 22034 12055
2798 22042 21142
2799 22046 1661
2800 22047 9221
2801 22049 18581
2802 22055 10748
2803 22059 1221
2804 22063 13248
2805 22066 11003
2806 22073 17804
2807 22074 10846
2808 22084 22596
2809 22102 5840
2810 22105 5622
2811 22106 2888
2812 22116 22143
2813 22134 768
2814 22137 13692
2815 22141 19759
2816 22153 21244
2817 22156 6261
2818 22167 8626
2819 22172 14805
2820 22176 3604
2821 22192 2754
2822 22198 4610
2823 22216 2032
2824 22224 2278
2825 22229 93
2826 22231 7419
2827 22260 5148
2828 22262 12617
2829 22263 14720
2830 22275 3238
2831 22280 12061
2832 22283 9723
2833 22289 14397
2834 22289 17835
2835 22320 97
2836 22333 4914
2837 22335 21408
2838 22338 2317
2839 22345 19191
2840 22346 1709
2841 22347 6673
2842 22349 23104
2843 22359 12307
2844 22384 20968
2845 22393 411
2846 22393 20192
2847 22397 5789
2848 22414 8576
2849 22415 8026
2850 22424 22811
2851 22427 13967
2852 22435 20239
2853 22441 21631
2854 22444 17110
2855 22453 17443
2856 22455 17328
2857 22457 23275
2858 22464 11362
2859 22471 8440
2860 22490 5141
2861 22497 15307
2862 22516 10405
2863 22517 10788
2864 22524 17371
2865 22528 11610
2866 22543 4483
2867 22543 21564
2868 22544 15506
2869 22559 17222
2870 22572 16316
2871 22599 9907
2872 22610 2086
2873 22610 6723
2874 22615 8438
2875 22616 23366
2876 22620 20018
2877 22630 122
2878 22637 16733
2879 22640 20467
2880 22651 15518
2881 22654 4813
2882 22661 17274
2883 22668 858
2884 22669 22608
2885 22686 20151
2886 22691 6832
2887 22693 20708
2888 22701 7610
2889 22701 23401
2890 22705 3117
2891 22719 22863
2892 22722 11168
2893 22726 13969
2894 22731 10763
2895 22739 14521
2896 22748 12327
2897 22751 13811
2898 22784 21513
2899 22791 20301
2900 22793 12520
2901 22797 8317
2902 22808 11623
2903 22809 18504
2904 22814 23527
2905 22826 19677
2906 22865 10315
2907 22874 13549
2908 22878 7966
2909 22878 16305
2910 22887 10606
2911 22900 20302
2912 22901 18673
2913 22908 17853
2914 22912 14525
2915 22930 13268
2916 22932 1081
2917 22951 5579
2918 22962 7530
2919 22969 20387
2920 22970 17281
2921 22975 7606
2922 22990 7075
2923 23000 8653
2924 23002 17132
2925 23006 8072
2926 23007 23373
2927 23031 10694
2928 23033 5235
2929 23049 16763
2930 23055 13945
2931 23056 15658
2932 23079 968
2933 23084 3929
2934 23084 4083
2935 23088 5844
2936 23098 10917
2937 23100 5421
2938 23102 756
2939 23109 16055
2940 23149 9726
2941 23150 4158
2942 23164 17824
2943 23168 17192
2944 23183 1158
2945 23193 13194
2946 23211 20884
2947 23226 79
2948 23229 20338
2949 23251 6703
2950 23254 20499
2951 23256 2670
2952 23260 6624
2953 23275 1175
2954 23275 4754
2955 23290 165
2956 23293 5834
2957 23295 21317
2958 23305 2672
2959 23321 15644
2960 23327 13665
2961 23339 485
2962 23349 20597
2963 23352 21630
2964 23358 6711
2965 23367 6204
2966 23383 18513
2967 23388 6308
2968 23399 6892
2969 23400 2338
2970 23403 19389
2971 23408 11720
2972 23411 11883
2973 23426 12705
2974 23457 19825
2975 23459 12775
2976 23462 20730
2977 23468 7709
2978 23475 15142
2979 23498 21632
2980 23501 2417
2981 23502 22698
2982 23508 20171
2983 23514 17570
2984 23527 1183
2985 23532 5039
2986 23535 6027
2987 23549 21592
2988 23556 2024
2989 23556 21611
2990 23565 8158
2991 23590 9114
2992 23590 16990
2993 23591 4846
2994 23593 9797
2995 23595 10451
2996 23597 21738
2997 23613 10114
2998 23615 6882
2999 23639 22043
3000 23644 14343
3001 23656 18936
3002 23657 17378
3003 23663 1050
3004 23668 11989
3005 23669 21115
3006 23680 18408
3007 23684 13074
3008 23689 4510
3009 23691 21778
3010 23702 12915
3011 23708 3866
3012 23711 10048
3013 23711 13384
3014 23714 19187
3015 23715 10299
3016 23724 21959
3017 23731 17678
3018 23742 19515
3019 23761 7874
3020 23766 23104
3021 23770 2084
3022 23775 329
3023 23782 20173
3024 23798 21037
3025 23812 23735
3026 23825 20700
3027 23829 23065
3028 23843 14679
3029 23850 5500
3030 23863 23633
3031 23867 3690
3032 23883 17561
3033 23885 5348
3034 23892 19239
3035 23919 5614
3036 23923 4118
3037 23926 23654
3038 23930 3351
3039 23932 23957
3040 23939 8591
3041 23940 23933
3042 23950 11498
3043 23956 6971
3044 23958 20622