1 1514 11365
1 6 6236
2 26 4712
3 30 5577
4 52 9500
5 65 8350
6 71 10482
7 72 4884
8 84 1732
9 92 1572
10 109 8399
11 110 10163
12 119 7843
13 145 4932
14 153 8214
15 163 4299
16 167 2265
17 168 1478
18 174 6057
19 183 5246
20 190 3356
21 199 9785
22 203 5208
23 210 10282
24 213 252
25 226 10952
26 230 9388
27 243 2704
28 246 275
29 252 2934
30 252 5179
31 254 6936
32 270 6261
33 274 7189
34 275 1236
35 285 8857
36 297 5263
37 304 9536
38 311 2215
39 311 7724
40 319 3027
41 332 1284
42 346 1320
43 346 2445
44 359 467
45 369 429
46 370 7098
47 373 5747
48 378 5193
49 383 5422
50 384 1397
51 391 5030
52 409 6898
53 428 6044
54 430 10656
55 436 6275
56 459 7100
57 467 4148
58 487 2667
59 498 6440
60 512 8576
61 514 1743
62 551 10653
63 563 5920
64 568 2627
65 569 6403
66 595 245
67 605 5508
68 606 8000
69 610 419
70 612 5833
71 626 8521
72 633 5044
73 636 2391
74 641 3925
75 642 3714
76 645 5957
77 646 2
78 650 2966
79 669 2316
80 669 2947
81 672 1547
82 672 6898
83 672 9766
84 675 286
85 680 2351
86 685 2852
87 700 5378
88 710 1251
89 712 1101
90 718 2865
91 722 438
92 722 3424
93 736 5718
94 742 6621
95 755 5369
96 773 8041
97 783 3997
98 786 240
99 789 7370
100 796 1816
101 797 1509
102 802 3707
103 805 3104
104 808 11348
105 827 3654
106 845 1356
107 853 2933
108 859 4797
109 868 4060
110 872 2103
111 873 10356
112 873 10996
113 876 4384
114 882 7602
115 896 4680
116 897 224
117 916 7139
118 937 3009
119 948 4998
120 951 10654
121 952 8936
122 953 3456
123 962 1370
124 966 4507
125 966 7456
126 968 7745
127 971 542
128 990 1864
129 990 7450
130 995 9209
131 997 1030
132 999 2928
133 1001 294
134 1003 9079
135 1009 2064
136 1023 7941
137 1040 4708
138 1058 9420
139 1061 4974
140 1064 11205
141 1065 4778
142 1090 1685
143 1090 4411
144 1095 1640
145 1108 8396
146 1110 8734
147 1111 4751
148 1128 2918
149 1128 3300
150 1146 9582
151 1151 4596
152 1167 3351
153 1175 10390
154 1179 5255
155 1199 2469
156 1199 10727
157 1200 9923
158 1208 5041
159 1223 8146
160 1225 8601
161 1226 5418
162 1236 5815
163 1237 10579
164 1238 7712
165 1239 3674
166 1247 7003
167 1268 2095
168 1270 6974
169 1272 3199
170 1277 1450
171 1285 3765
172 1291 11338
173 1295 335
174 1300 806
175 1303 2933
176 1310 3790
177 1314 6018
178 1314 9571
179 1317 10563
180 1329 11132
181 1332 8803
182 1336 11072
183 1337 2180
184 1342 1168
185 1359 6361
186 1365 8873
187 1369 3721
188 1385 2184
189 1390 1646
190 1418 8461
191 1418 10837
192 1421 5832
193 1435 6160
194 1438 5516
195 1447 5709
196 1466 4420
197 1466 9754
198 1473 7290
199 1478 499
200 1478 10187
201 1479 10422
202 1481 10669
203 1484 5796
204 1501 3481
205 1503 5987
206 1506 8574
207 1517 11132
208 1521 8696
209 1536 6049
210 1537 7439
211 1542 8085
212 1552 78
213 1557 5447
214 1575 9296
215 1578 10880
216 1583 903
217 1586 6792
218 1589 9599
219 1600 2014
220 1602 10674
221 1618 4355
222 1627 6480
223 1628 1772
224 1640 9671
225 1653 10000
226 1664 2780
227 1688 5613
228 1701 6654
229 1716 3885
230 1733 1646
231 1737 7449
232 1739 516
233 1741 6422
234 1745 9569
235 1767 5815
236 1767 9013
237 1771 4546
238 1771 6602
239 1791 5735
240 1800 463
241 1814 3602
242 1818 2683
243 1818 4115
244 1821 10729
245 1826 9337
246 1827 3075
247 1827 9548
248 1837 5634
249 1843 1890
250 1851 948
251 1866 1073
252 1871 482
253 1871 1189
254 1879 4440
255 1880 3893
256 1895 8995
257 1895 11106
258 1898 6441
259 1900 5096
260 1907 4481
261 1913 3245
262 1933 9903
263 1938 5227
264 1943 7380
265 1951 4671
266 1955 4168
267 1973 11018
268 1977 3866
269 1982 5336
270 1984 1966
271 1984 4529
272 1985 9525
273 1994 2672
274 2000 6118
275 2002 4971
276 2010 6417
277 2014 9713
278 2017 5295
279 2026 7193
280 2027 4466
281 2036 2588
282 2069 9204
283 2070 122
284 2082 7050
285 2085 9102
286 2090 5898
287 2109 6017
288 2125 607
289 2131 5944
290 2137 1503
291 2138 10647
292 2141 7223
293 2150 1342
294 2160 6420
295 2160 9837
296 2164 6611
297 2172 2124
298 2175 7165
299 2176 7464
300 2177 6191
301 2178 5049
302 2179 2901
303 2185 9223
304 2189 2741
305 2189 4985
306 2207 8227
307 2210 5471
308 2213 3023
309 2215 9805
310 2216 3874
311 2220 227
312 2221 8010
313 2244 2345
314 2261 9220
315 2268 1850
316 2274 6721
317 2279 2635
318 2289 622
319 2290 8296
320 2291 1646
321 2291 11343
322 2301 2613
323 2302 4026
324 2304 3435
325 2317 96
326 2330 3417
327 2334 4561
328 2343 11090
329 2344 9854
330 2353 4054
331 2353 6918
332 2364 4459
333 2372 8447
334 2378 3280
335 2380 3698
336 2403 8194
337 2412 5313
338 2416 6463
339 2433 9659
340 2442 3981
341 2450 163
342 2452 8055
343 2455 476
344 2462 9888
345 2463 9249
346 2466 8941
347 2467 7264
348 2479 7929
349 2483 3426
350 2484 4910
351 2495 8863
352 2504 3552
353 2510 948
354 2510 2013
355 2516 7306
356 2518 3273
357 2536 6035
358 2546 9510
359 2551 5656
360 2571 2500
361 2587 10043
362 2588 2492
363 2593 1604
364 2614 6698
365 2621 3969
366 2636 9375
367 2664 9842
368 2665 10610
369 2673 4732
370 2680 2901
371 2685 6328
372 2688 2885
373 2699 7869
374 2749 8082
375 2767 6199
376 2781 4389
377 2787 10809
378 2797 3388
379 2851 1623
380 2857 8776
381 2858 5916
382 2866 5351
383 2866 9968
384 2868 8870
385 2881 2888
386 2894 8480
387 2908 10015
388 2934 5849
389 2934 8363
390 2950 8272
391 2960 2175
392 2961 1712
393 2963 7231
394 2974 8462
395 2979 2266
396 2987 2450
397 2990 4050
398 2993 132
399 2997 11023
400 3003 6060
401 3006 6079
402 3013 6611
403 3031 2793
404 3031 10159
405 3037 10877
406 3041 4038
407 3042 9575
408 3060 5405
409 3071 8444
410 3073 2703
411 3075 6663
412 3079 2320
413 3081 11292
414 3087 1263
415 3095 213
416 3097 458
417 3098 6836
418 3106 5836
419 3110 6649
420 3111 5633
421 3117 1061
422 3125 9758
423 3135 1935
424 3143 435
425 3152 725
426 3156 5593
427 3163 8130
428 3169 2247
429 3170 4138
430 3181 7531
431 3184 10691
432 3186 5403
433 3191 9695
434 3203 83
435 3206 8880
436 3216 1987
437 3226 7234
438 3273 1952
439 3278 688
440 3280 10651
441 3285 5901
442 3290 2446
443 3303 8289
444 3311 899
445 3313 4321
446 3316 741
447 3325 7123
448 3326 7500
449 3327 6427
450 3346 5951
451 3352 1566
452 3356 6889
453 3362 1445
454 3365 1945
455 3367 8275
456 3367 10115
457 3391 4170
458 3394 4927
459 3395 7275
460 3397 8136
461 3406 6940
462 3409 8857
463 3412 1000
464 3418 9597
465 3422 7071
466 3443 9731
467 3447 6466
468 3448 5230
469 3448 8118
470 3474 11151
471 3506 9646
472 3515 10407
473 3516 672
474 3517 3420
475 3519 6499
476 3533 10769
477 3534 11269
478 3542 10614
479 3576 8252
480 3585 7816
481 3590 9842
482 3593 7987
483 3596 2456
484 3598 3750
485 3622 11061
486 3629 6474
487 3636 10902
488 3641 9258
489 3649 7143
490 3650 6888
491 3655 6406
492 3664 3228
493 3667 11221
494 3676 4285
495 3681 10680
496 3684 1418
497 3690 10080
498 3699 1026
499 3709 11164
500 3735 1599
501 3742 4619
502 3757 5640
503 3758 1548
504 3761 6778
505 3778 3911
506 3800 10983
507 3803 5791
508 3804 3415
509 3809 10367
510 3815 5923
511 3816 2184
512 3827 9212
513 3828 8220
514 3832 10504
515 3834 8222
516 3844 10799
517 3850 1641
518 3851 1556
519 3862 7039
520 3870 2661
521 3891 6770
522 3897 5396
523 3909 1981
524 3910 10269
525 3911 9836
526 3929 3209
527 3937 4125
528 3950 1792
529 3967 3945
530 3969 4717
531 3986 6773
532 3995 2894
533 4010 7251
534 4015 682
535 4017 8111
536 4019 3126
537 4038 2138
538 4042 9775
539 4049 6536
540 4056 7815
541 4069 1661
542 4071 3320
543 4074 8174
544 4082 6455
545 4084 5925
546 4095 3579
547 4097 9421
548 4098 8025
549 4109 2101
550 4110 6156
551 4111 7014
552 4112 3420
553 4112 6587
554 4117 10919
555 4125 4644
556 4136 10225
557 4148 7531
558 4148 11039
559 4149 10400
560 4152 4410
561 4162 2099
562 4167 7467
563 4169 9681
564 4181 9122
565 4184 5468
566 4190 5992
567 4191 2328
568 4200 1945
569 4203 7080
570 4219 6808
571 4235 1565
572 4249 10508
573 4259 10121
574 4261 8083
575 4263 2102
576 4275 3290
577 4283 1652
578 4284 2315
579 4285 5442
580 4296 4895
581 4300 9693
582 4308 5742
583 4317 5829
584 4320 2097
585 4325 623
586 4327 1675
587 4331 1582
588 4332 11309
589 4348 2629
590 4369 10544
591 4376 8305
592 4377 8314
593 4380 10739
594 4381 6469
595 4381 7367
596 4386 4914
597 4386 7271
598 4390 11232
599 4401 9063
600 4405 6746
601 4429 10162
602 4460 3820
603 4477 4936
604 4482 805
605 4484 9756
606 4504 9479
607 4516 7177
608 4524 5271
609 4554 5864
610 4566 1640
611 4570 2980
612 4576 1675
613 4577 4444
614 4583 2808
615 4596 6871
616 4602 4440
617 4604 2638
618 4606 4410
619 4606 7018
620 4610 2877
621 4613 10308
622 4622 2806
623 4628 5674
624 4643 3365
625 4648 6320
626 4651 7170
627 4661 1178
628 4666 7371
629 4668 10399
630 4671 11033
631 4675 8149
632 4685 1529
633 4688 4049
634 4693 9684
635 4693 10180
636 4695 10041
637 4703 3081
638 4709 2204
639 4710 10423
640 4716 7584
641 4719 4696
642 4724 2904
643 4739 4346
644 4742 1010
645 4747 10233
646 4747 11072
647 4750 1333
648 4754 10494
649 4759 7388
650 4765 6406
651 4768 6292
652 4770 235
653 4776 10908
654 4784 1192
655 4784 6617
656 4785 1474
657 4788 5267
658 4797 7217
659 4799 5439
660 4800 6904
661 4815 8942
662 4822 10548
663 4832 3702
664 4848 947
665 4853 2499
666 4853 6417
667 4881 9465
668 4882 8963
669 4886 4619
670 4887 5430
671 4900 446
672 4901 1687
673 4920 2481
674 4930 6894
675 4935 2788
676 4946 8445
677 4961 4313
678 4973 4054
679 4975 7578
680 4978 6831
681 4983 1433
682 4987 11179
683 4994 2802
684 4995 2191
685 5001 666
686 5012 2466
687 5013 3908
688 5015 5351
689 5018 3133
690 5026 9262
691 5053 8068
692 5055 3655
693 5064 221
694 5073 8608
695 5076 9438
696 5088 10184
697 5095 10296
698 5098 6440
699 5099 8507
700 5134 8365
701 5167 837
702 5170 9129
703 5173 1698
704 5180 10037
705 5188 6321
706 5195 5605
707 5195 8613
708 5205 9805
709 5223 3658
710 5228 10565
711 5235 331
712 5236 10904
713 5241 9671
714 5242 2880
715 5243 2106
716 5257 4232
717 5261 2559
718 5266 907
719 5268 3755
720 5272 2536
721 5279 7746
722 5280 9706
723 5295 1445
724 5305 855
725 5317 735
726 5329 10536
727 5335 2478
728 5336 508
729 5338 7783
730 5340 683
731 5340 3430
732 5346 8099
733 5362 9399
734 5364 9069
735 5365 6137
736 5370 7072
737 5386 2942
738 5388 10181
739 5389 9948
740 5391 9180
741 5402 696
742 5402 5366
743 5402 6304
744 5408 3125
745 5421 2022
746 5421 2132
747 5421 8901
748 5432 2450
749 5436 3440
750 5438 6078
751 5444 4638
752 5451 6073
753 5452 2108
754 5452 10926
755 5474 4402
756 5483 10264
757 5492 1949
758 5497 9009
759 5500 8419
760 5520 1586
761 5529 7538
762 5533 8935
763 5551 67
764 5560 11004
765 5563 6991
766 5569 10658
767 5578 10711
768 5579 8220
769 5588 765
770 5600 8873
771 5602 6774
772 5608 7271
773 5614 492
774 5615 7232
775 5617 9030
776 5619 8786
777 5622 6398
778 5631 737
779 5646 5669
780 5649 5553
781 5649 8780
782 5661 8801
783 5695 6200
784 5699 4180
785 5713 1213
786 5738 1417
787 5760 10894
788 5764 2703
789 5777 1517
790 5780 9493
791 5787 7759
792 5796 3707
793 5811 4798
794 5834 3287
795 5841 3293
796 5847 10007
797 5868 5875
798 5905 8176
799 5906 11110
800 5911 4825
801 5916 6804
802 5946 6925
803 5947 9338
804 5948 939
805 5951 3558
806 5952 10218
807 5963 2662
808 5967 7814
809 5968 712
810 5979 2919
811 5984 10231
812 5993 1923
813 5993 7698
814 5994 3546
815 6000 10720
816 6012 107
817 6019 6332
818 6031 107
819 6040 10412
820 6052 3900
821 6065 5749
822 6067 805
823 6071 4171
824 6086 7240
825 6092 5204
826 6092 11021
827 6108 10274
828 6113 10204
829 6114 2202
830 6115 10931
831 6120 1447
832 6127 7021
833 6138 6394
834 6142 10571
835 6188 9900
836 6194 4695
837 6194 10516
838 6196 2440
839 6234 7010
840 6249 8653
841 6250 7666
842 6251 6604
843 6259 10135
844 6267 3695
845 6274 4407
846 6274 7024
847 6276 7997
848 6289 469
849 6298 8419
850 6298 10134
851 6301 1548
852 6308 1006
853 6310 3331
854 6311 2084
855 6315 6700
856 6319 9378
857 6341 6708
858 6347 2318
859 6349 9097
860 6364 5615
861 6372 5961
862 6376 7960
863 6400 4798
864 6405 1204
865 6411 6178
866 6412 5966
867 6428 5016
868 6432 7411
869 6439 614
870 6447 4013
871 6454 7106
872 6474 2887
873 6480 7004
874 6485 3954
875 6497 2788
876 6501 2779
877 6509 1032
878 6528 4336
879 6528 6390
880 6533 6808
881 6549 9824
882 6553 3994
883 6560 10922
884 6563 5555
885 6570 8444
886 6575 636
887 6579 1611
888 6594 2585
889 6606 10139
890 6617 5992
891 6629 4663
892 6630 6094
893 6638 11036
894 6640 404
895 6641 2131
896 6644 7682
897 6653 7319
898 6657 165
899 6662 7997
900 6663 7886
901 6672 2691
902 6677 7566
903 6681 8179
904 6681 10104
905 6682 2999
906 6688 3442
907 6689 10750
908 6698 3455
909 6703 6336
910 6720 1843
911 6724 8320
912 6731 7963
913 6752 4059
914 6752 7629
915 6759 4147
916 6761 3013
917 6763 3786
918 6780 4204
919 6807 2409
920 6814 7643
921 6822 11239
922 6828 8914
923 6832 1821
924 6847 11263
925 6848 6305
926 6862 2685
927 6870 4176
928 6872 8739
929 6878 4941
930 6879 7558
931 6880 3935
932 6883 587
933 6886 10500
934 6905 9218
935 6907 870
936 6917 2401
937 6918 2094
938 6930 10122
939 6958 8806
940 6968 1088
941 6978 2649
942 6983 4703
943 6988 7235
944 6991 4941
945 6993 151
946 7004 1330
947 7005 2859
948 7032 10117
949 7035 6357
950 7037 8283
951 7038 6403
952 7046 949
953 7049 10922
954 7051 782
955 7052 8938
956 7055 587
957 7061 2633
958 7067 8845
959 7067 10266
960 7074 6085
961 7074 11145
962 7080 4934
963 7088 4985
964 7089 3659
965 7096 2521
966 7098 2311
967 7099 9821
968 7106 9013
969 7107 3451
970 7110 6969
971 7117 11076
972 7134 5326
973 7143 8098
974 7166 3129
975 7175 8863
976 7182 8837
977 7199 11155
978 7205 10232
979 7225 4954
980 7235 11230
981 7240 8231
982 7248 2747
983 7258 8988
984 7258 11323
985 7259 10581
986 7269 7951
987 7296 9187
988 7313 4974
989 7313 5730
990 7313 6049
991 7318 4846
992 7347 3955
993 7361 5262
994 7365 5599
995 7368 4014
996 7378 4363
997 7390 7765
998 7390 7863
999 7396 10693
1000 7397 6579
1001 7407 7315
1002 7409 4469
1003 7419 5496
1004 7437 10977
1005 7441 1782
1006 7454 3657
1007 7474 2412
1008 7478 2877
1009 7482 4677
1010 7491 11098
1011 7506 11335
1012 7519 11029
1013 7520 965
1014 7541 5518
1015 7542 901
1016 7552 2726
1017 7552 7374
1018 7555 4462
1019 7561 5859
1020 7565 2654
1021 7581 449
1022 7583 3848
1023 7588 2893
1024 7591 8435
1025 7600 49
1026 7611 10848
1027 7617 3624
1028 7631 1082
1029 7640 4021
1030 7653 7341
1031 7672 390
1032 7696 7612
1033 7713 1827
1034 7730 8066
1035 7741 2157
1036 7753 385
1037 7768 4948
1038 7776 1320
1039 7776 6559
1040 7781 6088
1041 7784 9832
1042 7792 11029
1043 7798 7887
1044 7800 712
1045 7800 10106
1046 7807 10000
1047 7830 6428
1048 7838 4162
1049 7845 2927
1050 7848 1795
1051 7848 2867
1052 7863 8979
1053 7867 3266
1054 7871 11348
1055 7874 11293
1056 7892 4043
1057 7894 2572
1058 7916 4605
1059 7952 1253
1060 7954 4576
1061 7962 1147
1062 7964 3078
1063 7968 8335
1064 7988 760
1065 7999 874
1066 7999 8348
1067 8007 6675
1068 8020 1303
1069 8028 10433
1070 8029 5549
1071 8035 10084
1072 8038 7694
1073 8045 6418
1074 8046 1187
1075 8076 824
1076 8089 5638
1077 8093 1573
1078 8094 6026
1079 8103 1092
1080 8104 7311
1081 8108 10471
1082 8130 3165
1083 8140 400
1084 8141 10429
1085 8142 11283
1086 8150 1704
1087 8151 8473
1088 8159 9831
1089 8162 4929
1090 8164 8564
1091 8166 4803
1092 8172 1749
1093 8175 3588
1094 8183 3713
1095 8184 6012
1096 8195 8938
1097 8196 2786
1098 8199 7247
1099 8211 8262
1100 8219 11084
1101 8223 7071
1102 8252 6052
1103 8261 6841
1104 8262 642
1105 8264 9088
1106 8295 10228
1107 8299 4475
1108 8302 5302
1109 8302 6110
1110 8309 3714
1111 8311 3685
1112 8326 6855
1113 8338 10842
1114 8355 5372
1115 8363 8750
1116 8375 9380
1117 8391 10141
1118 8397 6003
1119 8404 2733
1120 8416 8156
1121 8426 10945
1122 8436 10076
1123 8439 1076
1124 8450 613
1125 8454 5861
1126 8454 10889
1127 8456 506
1128 8465 556
1129 8469 4319
1130 8470 8552
1131 8484 3831
1132 8500 3234
1133 8506 10067
1134 8507 9063
1135 8517 2541
1136 8518 6229
1137 8540 5235
1138 8567 5324
1139 8570 8368
1140 8572 1323
1141 8579 6162
1142 8580 2768
1143 8589 7239
1144 8592 1820
1145 8593 5304
1146 8603 2527
1147 8611 1326
1148 8638 5409
1149 8641 7584
1150 8649 5011
1151 8659 5253
1152 8661 9462
1153 8668 5604
1154 8682 9432
1155 8695 8002
1156 8697 917
1157 8697 9199
1158 8699 449
1159 8702 5122
1160 8712 5570
1161 8716 2416
1162 8719 9077
1163 8720 3109
1164 8723 781
1165 8726 9699
1166 8735 431
1167 8757 10408
1168 8758 4581
1169 8762 7266
1170 8767 5357
1171 8769 4173
1172 8776 4267
1173 8781 7874
1174 8784 10337
1175 8785 6319
1176 8797 10232
1177 8823 6899
1178 8830 8581
1179 8837 5636
1180 8842 4037
1181 8851 9869
1182 8853 10991
1183 8862 4347
1184 8867 4260
1185 8870 5431
1186 8870 11103
1187 8872 5981
1188 8880 3159
1189 8886 5419
1190 8890 5278
1191 8894 2732
1192 8908 5678
1193 8921 6256
1194 8924 4767
1195 8930 8684
1196 8935 9770
1197 8946 6405
1198 8951 6023
1199 8957 1952
1200 8957 6638
1201 8961 8017
1202 8968 2794
1203 8970 4542
1204 8976 4652
1205 8978 5656
1206 8982 5675
1207 9000 10588
1208 9013 3946
1209 9014 1186
1210 9018 6221
1211 9025 4656
1212 9027 1888
1213 9050 2957
1214 9051 11287
1215 9065 6322
1216 9070 4910
1217 9075 8655
1218 9092 6192
1219 9092 11037
1220 9105 10
1221 9112 6015
1222 9133 10681
1223 9141 4263
1224 9146 5069
1225 9148 7795
1226 9155 8953
1227 9159 9249
1228 9166 10774
1229 9176 704
1230 9179 10374
1231 9183 5129
1232 9199 9265
1233 9201 2825
1234 9206 1417
1235 9211 3167
1236 9211 5086
1237 9213 140
1238 9240 8203
1239 9241 8995
1240 9244 6659
1241 9250 510
1242 9250 1432
1243 9252 2011
1244 9253 6891
1245 9254 4147
1246 9274 3251
1247 9275 1476
1248 9278 3476
1249 9279 2578
1250 9285 849
1251 9287 3867
1252 9288 5485
1253 9289 325
1254 9292 922
1255 9305 6816
1256 9315 951
1257 9324 9646
1258 9333 1291
1259 9336 11000
1260 9342 7383
1261 9370 593
1262 9376 2602
1263 9398 5650
1264 9400 2149
1265 9409 6181
1266 9409 9851
1267 9422 10763
1268 9439 7601
1269 9450 6713
1270 9457 7422
1271 9461 10700
1272 9462 4326
1273 9479 3741
1274 9490 3392
1275 9492 926
1276 9494 3280
1277 9495 894
1278 9503 9040
1279 9509 6512
1280 9528 8110
1281 9558 119
1282 9569 1056
1283 9572 9901
1284 9575 2495
1285 9582 665
1286 9597 4305
1287 9599 1583
1288 9637 2201
1289 9639 9483
1290 9645 5716
1291 9655 7001
1292 9656 5656
1293 9666 7556
1294 9668 6062
1295 9686 10012
1296 9700 5983
1297 9703 2806
1298 9720 2750
1299 9728 5744
1300 9729 6871
1301 9737 2376
1302 9738 4605
1303 9767 6814
1304 9780 8163
1305 9790 3316
1306 9794 7169
1307 9810 7771
1308 9814 7576
1309 9821 9951
1310 9821 10613
1311 9828 8919
1312 9860 4181
1313 9861 6432
1314 9865 7975
1315 9873 1611
1316 9891 10004
1317 9896 2431
1318 9913 5325
1319 9916 9562
1320 9924 7485
1321 9925 6612
1322 9929 10855
1323 9934 3264
1324 9958 7431
1325 9960 880
1326 9970 11008
1327 9973 2766
1328 9978 7357
1329 9984 108
1330 9990 664
1331 9992 9656
1332 9993 652
1333 9997 11028
1334 9999 623
1335 10017 10524
1336 10033 8309
1337 10034 7464
1338 10042 4183
1339 10047 2217
1340 10064 1634
1341 10099 508
1342 10120 779
1343 10121 7421
1344 10130 10709
1345 10137 5389
1346 10155 4925
1347 10159 6201
1348 10175 492
1349 10175 8712
1350 10176 562
1351 10187 7738
1352 10200 10692
1353 10208 6593
1354 10220 417
1355 10227 1491
1356 10235 3683
1357 10243 9412
1358 10248 2008
1359 10250 372
1360 10251 6919
1361 10254 3627
1362 10256 3268
1363 10256 6031
1364 10259 958
1365 10262 10268
1366 10264 1297
1367 10280 7524
1368 10286 2582
1369 10291 10817
1370 10298 11213
1371 10302 4314
1372 10304 4281
1373 10309 10223
1374 10312 32
1375 10313 1434
1376 10317 10370
1377 10320 9694
1378 10328 5077
1379 10331 7996
1380 10360 1884
1381 10360 10879
1382 10367 3636
1383 10384 11053
1384 10391 2618
1385 10400 3546
1386 10401 4334
1387 10412 493
1388 10418 3029
1389 10422 3480
1390 10422 8497
1391 10428 810
1392 10442 9369
1393 10452 8117
1394 10454 7600
1395 10456 10158
1396 10469 7454
1397 10475 10903
1398 10506 2796
1399 10506 9421
1400 10510 3883
1401 10532 286
1402 10532 10684
1403 10533 1085
1404 10533 1753
1405 10538 3925
1406 10553 697
1407 10559 1933
1408 10565 8291
1409 10596 5892
1410 10598 2957
1411 10605 2744
1412 10612 11175
1413 10615 1146
1414 10622 10743
1415 10632 437
1416 10633 1094
1417 10635 407
1418 10654 708
1419 10674 2268
1420 10675 3600
1421 10682 6391
1422 10682 9298
1423 10683 7121
1424 10684 7091
1425 10686 8170
1426 10693 590
1427 10703 751
1428 10716 10707
1429 10722 4599
1430 10723 4607
1431 10728 10917
1432 10734 4413
1433 10748 5508
1434 10750 332
1435 10762 4630
1436 10766 9845
1437 10773 220
1438 10774 4761
1439 10801 10793
1440 10811 4220
1441 10815 10308
1442 10835 9580
1443 10862 3273
1444 10868 6234
1445 10878 5759
1446 10881 111
1447 10887 6435
1448 10889 10172
1449 10905 9377
1450 10908 8927
1451 10913 72
1452 10927 9990
1453 10928 4694
1454 10935 9480
1455 10936 1028
1456 10944 6876
1457 10950 5254
1458 10954 5692
1459 10959 4480
1460 10974 9112
1461 10979 6058
1462 10990 1441
1463 10994 2647
1464 10996 3829
1465 11000 4694
1466 11000 7509
1467 11003 1073
1468 11012 5273
1469 11013 4312
1470 11018 4491
1471 11025 7474
1472 11029 10477
1473 11042 6560
1474 11050 8133
1475 11059 3275
1476 11067 8475
1477 11074 1969
1478 11100 5019
1479 11103 11225
1480 11107 9986
1481 11121 10176
1482 11141 7528
1483 11161 10227
1484 11165 5419
1485 11179 6135
1486 11180 2431
1487 11181 643
1488 11188 10283
1489 11194 3736
1490 11198 5905
1491 11206 2940
1492 11222 4386
1493 11226 1153
1494 11228 10589
1495 11238 10147
1496 11262 11147
1497 11266 1078
1498 11271 9693
1499 11272 9555
1500 11277 7398
1501 11283 5737
1502 11289 1478
1503 11290 6219
1504 11293 4415
1505 11300 3332
1506 11300 4582
1507 11300 7406
1508 11301 7706
1509 11304 182
1510 11322 10855
1511 11337 3334
1512 11349 1840
1513 11351 1590
1514 11355 9686