1 1067 7826
1 54 250
2 57 7058
3 67 1841
4 69 2513
5 72 4250
6 87 4780
7 103 1406
8 104 2440
9 108 3998
10 113 2777
11 129 7749
12 134 2582
13 143 6742
14 143 6816
15 144 5905
16 168 740
17 170 4097
18 173 4745
19 177 4210
20 192 1974
21 214 2432
22 224 2920
23 229 7276
24 233 1735
25 239 175
26 248 5256
27 250 3942
28 258 2580
29 267 2504
30 280 6380
31 301 5591
32 301 6489
33 318 4370
34 336 6606
35 337 7281
36 340 4259
37 352 2146
38 369 1066
39 370 4175
40 373 1612
41 398 4597
42 403 2280
43 408 2091
44 413 3276
45 417 2316
46 424 4720
47 434 1835
48 437 6162
49 461 6360
50 474 5094
51 483 7003
52 494 2726
53 506 7314
54 523 5553
55 533 5632
56 547 6544
57 549 3142
58 550 1916
59 555 2017
60 556 7688
61 558 3232
62 563 105
63 570 1168
64 578 4498
65 582 4033
66 585 6879
67 591 517
68 592 3900
69 596 7584
70 604 6940
71 612 4955
72 614 4093
73 614 7743
74 621 4554
75 623 5151
76 624 7634
77 648 1213
78 651 3789
79 652 3405
80 653 2331
81 654 377
82 674 567
83 675 6588
84 680 4483
85 686 991
86 717 7039
87 719 3653
88 720 4954
89 732 6802
90 733 4666
91 749 2830
92 769 300
93 774 5460
94 778 1840
95 783 4795
96 784 1402
97 786 6064
98 790 2586
99 796 2924
100 802 2429
101 815 2318
102 818 2161
103 835 2577
104 851 5118
105 873 3596
106 887 4697
107 889 1747
108 889 4580
109 895 642
110 896 6812
111 901 6411
112 913 6265
113 915 6262
114 924 3315
115 927 4501
116 928 1058
117 958 5544
118 960 1367
119 967 6575
120 969 4467
121 988 2633
122 994 3057
123 1006 1479
124 1012 368
125 1025 5963
126 1045 6994
127 1047 3197
128 1052 1896
129 1055 1896
130 1057 2327
131 1058 7149
132 1078 3420
133 1079 7192
134 1085 7167
135 1086 6710
136 1090 3109
137 1104 906
138 1105 6712
139 1120 1894
140 1131 4786
141 1133 221
142 1134 1849
143 1138 2541
144 1143 6190
145 1145 1080
146 1148 4638
147 1162 4671
148 1168 7821
149 1171 5949
150 1173 2617
151 1196 6151
152 1225 3393
153 1229 3670
154 1230 3940
155 1230 6920
156 1264 1767
157 1268 3364
158 1277 50
159 1278 6512
160 1287 1771
161 1304 2440
162 1309 2451
163 1318 6600
164 1325 7760
165 1329 822
166 1350 2654
167 1352 6998
168 1357 1036
169 1398 6619
170 1400 114
171 1408 989
172 1422 792
173 1426 4485
174 1432 4596
175 1433 3049
176 1439 6978
177 1444 6335
178 1450 3717
179 1451 4515
180 1461 6259
181 1463 1632
182 1471 5471
183 1475 336
184 1477 5201
185 1485 1010
186 1491 685
187 1493 7498
188 1501 2841
189 1502 6711
190 1521 7205
191 1526 5923
192 1531 5158
193 1533 6133
194 1544 7626
195 1549 692
196 1550 594
197 1553 5073
198 1554 3360
199 1560 1891
200 1566 1987
201 1572 3892
202 1574 2816
203 1575 5829
204 1583 2590
205 1585 1553
206 1586 1389
207 1595 171
208 1599 4413
209 1617 3826
210 1621 2241
211 1630 6404
212 1632 4073
213 1639 6329
214 1644 1458
215 1650 3371
216 1652 6394
217 1675 543
218 1683 7388
219 1699 206
220 1707 5339
221 1711 4517
222 1714 6017
223 1715 1412
224 1755 5262
225 1756 434
226 1758 680
227 1764 3650
228 1767 1631
229 1776 6982
230 1782 5214
231 1783 7723
232 1793 2789
233 1800 1246
234 1804 6201
235 1810 6305
236 1816 2283
237 1821 7584
238 1851 7055
239 1859 3061
240 1860 36
241 1866 6356
242 1882 5351
243 1895 6083
244 1896 1878
245 1897 3797
246 1916 1157
247 1917 4696
248 1928 1099
249 1934 3075
250 1935 1816
251 1940 4430
252 1942 4822
253 1942 7371
254 1948 3452
255 1958 4850
256 1962 7635
257 1966 2230
258 1995 2494
259 2000 2138
260 2016 5689
261 2022 7127
262 2028 180
263 2034 6333
264 2042 6583
265 2043 2220
266 2058 3433
267 2063 5537
268 2067 4643
269 2075 7286
270 2083 5190
271 2090 3829
272 2098 7035
273 2103 4507
274 2105 3834
275 2110 3504
276 2117 6136
277 2121 2314
278 2121 2632
279 2126 18
280 2129 1855
281 2134 3458
282 2137 7134
283 2142 16
284 2148 1094
285 2174 2644
286 2177 4511
287 2182 1650
288 2194 5225
289 2197 276
290 2200 5512
291 2218 6388
292 2234 111
293 2238 908
294 2242 1823
295 2242 1901
296 2254 2626
297 2259 5000
298 2261 6916
299 2263 4887
300 2268 3070
301 2272 3446
302 2274 3289
303 2280 5292
304 2283 4296
305 2292 7230
306 2300 4032
307 2301 1849
308 2304 2123
309 2307 5893
310 2315 4828
311 2315 7176
312 2318 3794
313 2324 1468
314 2327 496
315 2333 662
316 2333 3247
317 2339 4814
318 2346 4598
319 2348 6289
320 2368 3856
321 2369 3632
322 2372 1469
323 2376 6573
324 2380 4187
325 2380 6890
326 2382 1473
327 2386 1360
328 2395 5549
329 2408 33
330 2417 855
331 2429 5023
332 2432 868
333 2440 2140
334 2447 2403
335 2451 7766
336 2453 6003
337 2460 7771
338 2466 6154
339 2475 1867
340 2477 6352
341 2478 3950
342 2488 1326
343 2491 1972
344 2491 6185
345 2513 1381
346 2516 3739
347 2523 3969
348 2524 1947
349 2528 7198
350 2541 533
351 2554 6343
352 2567 1266
353 2567 2878
354 2567 6865
355 2571 5740
356 2576 3745
357 2579 2455
358 2581 6757
359 2603 1798
360 2613 6947
361 2621 5222
362 2643 3653
363 2645 4668
364 2649 2469
365 2655 7590
366 2662 224
367 2662 7803
368 2668 3842
369 2669 6086
370 2669 6227
371 2672 1651
372 2674 4895
373 2677 1266
374 2678 4891
375 2681 1321
376 2688 5589
377 2691 6539
378 2695 583
379 2700 4197
380 2702 1317
381 2706 3266
382 2722 3927
383 2730 2689
384 2730 4450
385 2740 3537
386 2741 2616
387 2746 2644
388 2778 2094
389 2797 2359
390 2813 310
391 2826 6067
392 2827 3580
393 2830 5095
394 2830 6862
395 2838 7286
396 2842 7397
397 2845 5050
398 2849 860
399 2852 4265
400 2856 1510
401 2860 1264
402 2881 5564
403 2882 7548
404 2894 2468
405 2904 7626
406 2908 5878
407 2921 843
408 2922 1683
409 2928 7533
410 2934 1267
411 2936 948
412 2941 7545
413 2946 7063
414 2949 3453
415 2953 3278
416 2958 2163
417 2981 589
418 2994 3467
419 2995 3843
420 2998 6807
421 3000 4543
422 3005 4205
423 3007 5263
424 3009 1313
425 3021 7400
426 3022 7646
427 3036 7202
428 3053 4406
429 3065 6249
430 3089 4162
431 3108 7643
432 3128 6079
433 3130 1903
434 3149 2563
435 3164 3805
436 3167 7091
437 3183 569
438 3189 2999
439 3197 594
440 3220 101
441 3222 2799
442 3225 2033
443 3232 5372
444 3241 1918
445 3259 1375
446 3259 1872
447 3268 4416
448 3276 5198
449 3302 6381
450 3306 2578
451 3306 5165
452 3306 6178
453 3351 4311
454 3367 4339
455 3369 2701
456 3376 7696
457 3409 7296
458 3412 1688
459 3419 1882
460 3432 1574
461 3432 2517
462 3436 7793
463 3438 5049
464 3452 4275
465 3460 3520
466 3468 1932
467 3472 7662
468 3478 6104
469 3489 6253
470 3489 6387
471 3490 1005
472 3503 2881
473 3511 5355
474 3516 2986
475 3521 6730
476 3541 7534
477 3547 3541
478 3554 2130
479 3561 2672
480 3570 6592
481 3587 7224
482 3602 2927
483 3638 1763
484 3650 2874
485 3651 4339
486 3656 5659
487 3664 1498
488 3664 5552
489 3671 259
490 3673 2488
491 3674 176
492 3687 358
493 3699 1257
494 3721 6127
495 3723 2438
496 3729 7241
497 3742 7684
498 3762 7812
499 3765 277
500 3766 1252
501 3776 469
502 3780 2766
503 3781 3547
504 3784 794
505 3784 3030
506 3800 3648
507 3812 2650
508 3815 1696
509 3818 4135
510 3821 3349
511 3821 6012
512 3826 5191
513 3836 3652
514 3842 2740
515 3856 6585
516 3860 3302
517 3863 7334
518 3866 7094
519 3876 6156
520 3883 6853
521 3886 536
522 3897 6604
523 3909 6491
524 3911 2218
525 3915 3155
526 3917 5959
527 3922 2043
528 3943 4266
529 3952 2688
530 3952 6335
531 3959 2864
532 3964 6496
533 3977 3381
534 3982 7734
535 3984 6042
536 3994 276
537 4003 2851
538 4020 6463
539 4028 3229
540 4038 5598
541 4039 4167
542 4064 7531
543 4096 5197
544 4105 27
545 4116 446
546 4124 33
547 4127 1757
548 4149 8
549 4161 2975
550 4175 3144
551 4187 167
552 4192 899
553 4200 3918
554 4202 2081
555 4204 7606
556 4212 5857
557 4215 4421
558 4219 4255
559 4228 1362
560 4228 7520
561 4231 1411
562 4234 5209
563 4234 6601
564 4242 2421
565 4245 6987
566 4246 103
567 4251 2539
568 4252 2314
569 4255 3204
570 4256 5052
571 4258 7544
572 4259 5351
573 4262 4576
574 4273 7490
575 4275 1797
576 4289 6895
577 4293 6257
578 4294 2023
579 4295 3221
580 4302 476
581 4307 57
582 4310 3022
583 4344 4131
584 4355 2848
585 4356 6551
586 4356 6773
587 4363 4444
588 4374 6434
589 4376 851
590 4395 4358
591 4404 3218
592 4404 3894
593 4406 1113
594 4411 726
595 4415 5063
596 4421 3121
597 4426 4640
598 4426 7092
599 4438 346
600 4441 7117
601 4454 5797
602 4464 5303
603 4470 6706
604 4472 5552
605 4473 623
606 4474 4100
607 4483 4548
608 4506 2745
609 4506 6869
610 4508 2379
611 4510 2761
612 4518 5648
613 4528 3725
614 4529 4896
615 4529 7225
616 4558 5303
617 4558 7578
618 4559 1312
619 4560 1718
620 4574 3407
621 4582 5286
622 4583 4262
623 4588 3403
624 4590 7261
625 4593 5615
626 4596 5409
627 4601 5403
628 4606 4669
629 4606 5205
630 4608 7343
631 4609 1468
632 4614 3725
633 4621 3566
634 4625 6197
635 4629 3075
636 4638 993
637 4648 1749
638 4665 881
639 4669 1462
640 4689 3937
641 4705 5693
642 4711 7673
643 4724 2081
644 4733 2980
645 4738 5405
646 4742 4639
647 4748 4413
648 4757 1475
649 4771 2280
650 4773 6123
651 4775 2440
652 4779 7532
653 4821 7811
654 4830 6708
655 4846 2732
656 4846 5215
657 4855 6777
658 4859 2169
659 4861 55
660 4894 3932
661 4896 3690
662 4907 473
663 4911 972
664 4915 5745
665 4921 113
666 4927 5351
667 4930 2013
668 4945 2850
669 4987 6342
670 4991 7018
671 4992 6967
672 4993 6313
673 4997 4621
674 4998 6403
675 5006 6259
676 5025 4503
677 5025 6611
678 5028 981
679 5030 6459
680 5044 6740
681 5046 3947
682 5056 644
683 5056 7535
684 5067 868
685 5071 6287
686 5083 6096
687 5084 3903
688 5091 68
689 5098 161
690 5105 4613
691 5117 3090
692 5117 5559
693 5121 6701
694 5126 2206
695 5131 1954
696 5146 3427
697 5158 5876
698 5169 3516
699 5204 6809
700 5205 7269
701 5214 556
702 5217 6614
703 5220 7628
704 5224 2788
705 5228 5658
706 5228 6079
707 5230 2002
708 5239 7699
709 5245 6511
710 5252 2553
711 5253 6526
712 5256 7389
713 5257 7401
714 5258 1599
715 5263 5913
716 5270 7060
717 5281 1984
718 5289 747
719 5304 4619
720 5317 6396
721 5322 1287
722 5330 585
723 5341 4447
724 5351 1374
725 5361 4241
726 5379 7031
727 5380 1286
728 5410 5301
729 5421 7702
730 5427 7713
731 5435 1374
732 5447 7067
733 5450 6946
734 5457 4670
735 5463 3469
736 5467 3630
737 5468 6521
738 5468 7332
739 5476 2881
740 5482 2946
741 5489 4825
742 5509 3428
743 5512 7303
744 5524 2514
745 5526 528
746 5531 2678
747 5542 3555
748 5543 4235
749 5547 1268
750 5553 4321
751 5555 5457
752 5559 1976
753 5562 2831
754 5566 5479
755 5575 1546
756 5584 4810
757 5598 1697
758 5606 21
759 5611 4987
760 5627 6061
761 5635 5888
762 5636 407
763 5646 7743
764 5647 935
765 5655 5041
766 5655 5204
767 5658 2320
768 5659 2065
769 5665 2297
770 5665 4102
771 5670 5236
772 5682 2280
773 5687 5515
774 5697 1624
775 5697 6327
776 5713 6658
777 5719 1282
778 5719 3308
779 5722 6805
780 5736 4332
781 5741 1003
782 5743 2649
783 5744 1434
784 5748 3016
785 5756 80
786 5760 4307
787 5779 5598
788 5779 6727
789 5783 5826
790 5793 3199
791 5799 3139
792 5810 1847
793 5811 453
794 5814 6256
795 5820 3355
796 5824 3004
797 5830 4875
798 5836 1004
799 5842 2654
800 5843 504
801 5854 6042
802 5866 6134
803 5867 2809
804 5867 7507
805 5877 7613
806 5882 5951
807 5892 1833
808 5897 6683
809 5898 2677
810 5901 719
811 5901 5101
812 5910 6320
813 5916 1075
814 5917 5490
815 5919 625
816 5927 4868
817 5932 7296
818 5956 2921
819 5960 6267
820 5961 4457
821 5968 4636
822 5968 5607
823 5969 3221
824 5970 76
825 5972 5091
826 5972 6319
827 5977 3344
828 5991 1957
829 5991 6651
830 6000 2119
831 6048 4701
832 6057 3377
833 6068 3633
834 6073 3398
835 6081 776
836 6087 6566
837 6093 4044
838 6106 7304
839 6107 5555
840 6111 3990
841 6120 7274
842 6122 7370
843 6124 4004
844 6136 6262
845 6140 3503
846 6148 5356
847 6155 6679
848 6164 1572
849 6172 5601
850 6173 4441
851 6175 1821
852 6192 6078
853 6195 1018
854 6196 6488
855 6197 4329
856 6204 4972
857 6212 4150
858 6214 6495
859 6216 4425
860 6224 1671
861 6225 5078
862 6231 243
863 6232 7347
864 6262 4797
865 6289 7820
866 6291 6368
867 6296 6785
868 6301 2682
869 6303 3444
870 6330 996
871 6335 6175
872 6339 7318
873 6341 2425
874 6342 7135
875 6343 746
876 6358 2466
877 6363 2576
878 6366 425
879 6388 673
880 6403 2960
881 6404 6006
882 6419 1223
883 6435 2564
884 6445 3696
885 6447 6377
886 6453 421
887 6482 1011
888 6485 3696
889 6495 1876
890 6505 1628
891 6505 4399
892 6510 7683
893 6516 7210
894 6525 1656
895 6532 5772
896 6538 7031
897 6554 7780
898 6556 921
899 6558 5463
900 6568 6824
901 6574 5407
902 6584 4722
903 6587 2101
904 6607 82
905 6608 4952
906 6627 2171
907 6654 5519
908 6654 7037
909 6658 6587
910 6663 909
911 6667 4067
912 6669 5219
913 6671 3477
914 6674 3981
915 6677 7466
916 6684 1819
917 6687 1217
918 6698 2274
919 6701 6875
920 6720 6585
921 6721 7204
922 6724 4321
923 6724 4650
924 6732 6625
925 6737 1089
926 6755 3229
927 6756 823
928 6759 5670
929 6771 1379
930 6771 3153
931 6772 7202
932 6774 3621
933 6788 4581
934 6790 6437
935 6792 5767
936 6795 5727
937 6806 655
938 6811 1828
939 6817 7627
940 6819 2156
941 6822 202
942 6824 1201
943 6824 5653
944 6845 991
945 6845 5847
946 6848 4371
947 6862 3735
948 6863 7001
949 6872 5721
950 6880 1776
951 6882 4096
952 6901 291
953 6906 3363
954 6916 1542
955 6930 6700
956 6958 4018
957 6959 886
958 6965 995
959 6971 2025
960 6975 1353
961 6978 5338
962 6983 6748
963 6990 1745
964 6991 5265
965 6992 4186
966 7004 6839
967 7047 432
968 7084 3895
969 7104 6231
970 7108 7160
971 7110 6292
972 7111 2991
973 7126 5926
974 7127 6862
975 7138 4730
976 7151 1762
977 7151 2967
978 7160 6172
979 7165 5862
980 7170 5933
981 7176 707
982 7182 5658
983 7207 5464
984 7225 3396
985 7225 5362
986 7227 100
987 7229 918
988 7229 6924
989 7242 719
990 7242 2309
991 7280 2694
992 7303 3709
993 7340 5021
994 7342 641
995 7342 7766
996 7345 3232
997 7354 1503
998 7360 7662
999 7384 1949
1000 7387 5224
1001 7387 5359
1002 7398 783
1003 7402 2230
1004 7411 1720
1005 7419 6581
1006 7421 7624
1007 7424 2629
1008 7438 6655
1009 7443 7178
1010 7451 4580
1011 7456 7457
1012 7457 1754
1013 7457 4132
1014 7465 2446
1015 7467 7625
1016 7469 1207
1017 7470 4146
1018 7505 3872
1019 7511 5517
1020 7525 7132
1021 7532 5127
1022 7540 698
1023 7542 7329
1024 7546 3514
1025 7549 4951
1026 7560 6640
1027 7567 4711
1028 7577 3424
1029 7580 4554
1030 7581 5266
1031 7581 6925
1032 7583 1709
1033 7587 3053
1034 7588 6711
1035 7604 4436
1036 7617 6707
1037 7628 2146
1038 7661 3718
1039 7667 1296
1040 7670 4091
1041 7673 7319
1042 7674 5938
1043 7675 944
1044 7678 7327
1045 7685 6821
1046 7689 4920
1047 7695 4082
1048 7700 958
1049 7702 3558
1050 7703 6295
1051 7705 2200
1052 7710 6860
1053 7717 4413
1054 7731 7635
1055 7735 4398
1056 7766 4155
1057 7766 4604
1058 7767 6574
1059 7768 715
1060 7772 500
1061 7785 4469
1062 7787 2059
1063 7795 5372
1064 7797 7153
1065 7803 7740
1066 7810 2795
1067 7826 1840