0 264 1759
1 9 799
2 15 654
3 35 597
4 47 569
5 50 274
6 65 204
7 78 231
8 80 1218
9 104 1466
10 108 22
11 109 48
12 111 1533
13 128 1613
14 134 707
15 137 392
16 139 1195
17 140 1592
18 147 1742
19 163 564
20 167 1342
21 176 1217
22 179 4
23 181 585
24 186 177
25 187 1456
26 205 1711
27 206 689
28 209 974
29 211 809
30 218 1196
31 231 852
32 236 150
33 241 1201
34 246 319
35 251 1643
36 252 370
37 259 215
38 265 738
39 267 1150
40 276 224
41 277 461
42 301 1273
43 308 1301
44 313 236
45 314 230
46 319 354
47 324 412
48 338 1113
49 342 279
50 343 1655
51 350 1401
52 353 293
53 359 1418
54 374 1637
55 385 734
56 385 766
57 402 1732
58 408 238
59 412 1187
60 425 657
61 426 819
62 426 828
63 430 148
64 431 661
65 436 165
66 451 441
67 461 592
68 464 461
69 478 1327
70 480 327
71 490 1319
72 504 572
73 505 41
74 512 436
75 523 27
76 524 73
77 527 1016
78 527 1507
79 538 1626
80 540 536
81 543 205
82 544 1565
83 548 335
84 572 1304
85 573 1127
86 581 880
87 598 798
88 607 1321
89 625 1166
90 634 1084
91 642 282
92 642 1435
93 645 650
94 650 820
95 652 1725
96 654 870
97 660 250
98 662 372
99 668 1272
100 669 1249
101 670 456
102 672 302
103 674 641
104 680 993
105 689 1034
106 690 1642
107 692 881
108 694 748
109 698 1376
110 703 471
111 709 773
112 711 1153
113 713 1233
114 716 250
115 716 1253
116 724 460
117 735 1112
118 737 443
119 764 211
120 769 80
121 774 696
122 788 1532
123 797 973
124 799 1032
125 815 991
126 816 1105
127 820 1183
128 828 1340
129 830 1570
130 833 574
131 835 242
132 844 175
133 849 1421
134 854 283
135 854 1176
136 863 36
137 864 1631
138 870 1170
139 881 967
140 898 1470
141 901 1090
142 904 532
143 905 281
144 908 1638
145 910 1106
146 923 270
147 930 1538
148 933 1721
149 950 273
150 970 578
151 974 754
152 976 125
153 982 422
154 992 695
155 994 402
156 996 1055
157 998 878
158 1012 1454
159 1017 113
160 1019 1014
161 1035 1252
162 1039 830
163 1041 1362
164 1044 1370
165 1050 1113
166 1067 802
167 1067 1524
168 1068 863
169 1070 1279
170 1072 1683
171 1074 1729
172 1080 854
173 1085 407
174 1087 87
175 1097 1481
176 1129 1230
177 1151 633
178 1152 112
179 1152 1344
180 1158 1360
181 1172 495
182 1175 210
183 1177 737
184 1179 35
185 1183 1389
186 1229 1004
187 1236 657
188 1238 595
189 1243 22
190 1248 1749
191 1251 811
192 1253 566
193 1265 1406
194 1270 69
195 1276 1656
196 1279 784
197 1280 1298
198 1284 923
199 1285 1229
200 1291 1368
201 1294 754
202 1294 928
203 1307 127
204 1319 1659
205 1344 543
206 1348 10
207 1348 1432
208 1356 1470
209 1372 371
210 1373 478
211 1378 692
212 1394 240
213 1395 695
214 1401 1008
215 1402 379
216 1408 618
217 1415 1033
218 1417 1317
219 1419 1311
220 1457 54
221 1458 1454
222 1463 1161
223 1470 1190
224 1474 1570
225 1478 698
226 1486 136
227 1491 1695
228 1494 113
229 1500 1344
230 1502 1110
231 1503 1200
232 1504 267
233 1505 203
234 1510 1509
235 1515 1649
236 1555 1416
237 1567 35
238 1569 602
239 1573 616
240 1576 488
241 1577 187
242 1593 417
243 1607 681
244 1615 1072
245 1615 1756
246 1621 372
247 1625 55
248 1626 888
249 1630 1507
250 1642 577
251 1654 360
252 1659 933
253 1668 1032
254 1678 882
255 1679 408
256 1681 749
257 1683 1240
258 1686 1162
259 1695 1278
260 1700 1120
261 1720 1505
262 1722 43
263 1730 1342
264 1759 854