0 4316 34809
1 4 7788
2 20 27081
3 21 7359
4 21 14705
5 30 29495
6 33 4045
7 36 7724
8 37 4044
9 47 8111
10 62 7082
11 71 14963
12 83 14915
13 88 20969
14 103 2795
15 104 15736
16 117 293
17 124 27910
18 125 22039
19 128 4092
20 132 3400
21 158 5578
22 163 25492
23 171 8023
24 181 7341
25 194 34446
26 203 13390
27 204 12072
28 207 22322
29 213 7957
30 214 29546
31 227 826
32 249 16074
33 254 7832
34 278 18287
35 282 21382
36 285 25474
37 305 24965
38 315 28362
39 317 16778
40 322 25113
41 329 6242
42 340 33117
43 349 20064
44 361 13864
45 388 1546
46 397 8452
47 414 21511
48 420 21014
49 422 2317
50 430 15763
51 433 5309
52 453 9484
53 465 18562
54 470 30360
55 487 3958
56 490 15830
57 496 8715
58 497 11703
59 498 34120
60 502 2848
61 503 6083
62 512 1668
63 516 9732
64 517 12748
65 531 1644
66 538 21868
67 553 7982
68 557 18192
69 575 30485
70 582 15122
71 595 28627
72 598 18186
73 610 14233
74 620 6882
75 625 11583
76 626 5764
77 639 16270
78 639 23211
79 639 26894
80 640 19385
81 645 34075
82 648 23997
83 653 8238
84 673 16133
85 690 919
86 693 9347
87 712 11724
88 718 8559
89 740 19241
90 754 25972
91 755 18
92 772 13815
93 777 24876
94 779 32604
95 787 13162
96 803 25998
97 804 26983
98 806 28398
99 808 10855
100 824 23327
101 845 11501
102 854 4888
103 855 22732
104 857 2119
105 857 19378
106 901 3862
107 901 15611
108 923 29669
109 953 3348
110 954 22634
111 960 2957
112 989 7938
113 990 19036
114 997 25544
115 1010 8157
116 1020 23731
117 1021 9158
118 1043 26867
119 1045 32756
120 1057 1480
121 1067 17403
122 1069 19682
123 1071 28123
124 1113 23613
125 1122 5772
126 1122 15444
127 1142 33661
128 1146 3442
129 1152 20960
130 1155 16425
131 1158 29097
132 1160 14791
133 1160 33207
134 1164 23078
135 1179 17723
136 1180 7345
137 1211 13315
138 1212 17816
139 1215 5667
140 1217 26062
141 1234 24904
142 1245 18364
143 1247 18974
144 1280 19584
145 1280 27703
146 1291 5386
147 1291 10877
148 1295 21195
149 1297 14444
150 1302 15911
151 1315 1604
152 1321 27634
153 1328 15744
154 1348 3929
155 1365 32385
156 1376 1213
157 1379 8325
158 1384 11790
159 1390 29330
160 1395 18735
161 1405 16848
162 1415 1875
163 1415 33839
164 1442 29031
165 1446 11709
166 1447 10993
167 1452 34054
168 1491 15326
169 1497 32379
170 1500 33009
171 1503 21738
172 1518 22956
173 1540 7169
174 1548 17593
175 1549 14719
176 1551 33281
177 1575 22018
178 1576 30813
179 1586 11335
180 1586 13308
181 1601 13767
182 1616 14158
183 1622 24787
184 1629 17220
185 1629 20663
186 1631 7736
187 1645 29895
188 1648 34480
189 1680 34226
190 1688 22113
191 1720 21166
192 1721 11475
193 1751 10986
194 1758 883
195 1761 6843
196 1771 904
197 1772 4431
198 1779 10272
199 1782 5539
200 1785 4013
201 1801 23373
202 1812 6511
203 1825 1267
204 1837 12687
205 1837 28038
206 1838 31261
207 1842 10153
208 1842 24851
209 1851 3702
210 1855 8419
211 1865 22119
212 1868 26983
213 1871 4042
214 1871 11012
215 1874 5907
216 1875 15037
217 1879 10893
218 1900 20537
219 1929 27546
220 1932 14196
221 1977 14296
222 1997 4588
223 1997 19256
224 1998 10081
225 2024 24313
226 2041 31225
227 2049 5808
228 2062 8879
229 2073 20715
230 2086 20321
231 2088 3712
232 2101 23385
233 2112 18914
234 2118 22140
235 2125 7547
236 2125 29340
237 2128 3335
238 2147 4401
239 2150 13740
240 2158 13484
241 2184 25193
242 2190 561
243 2190 21051
244 2191 32994
245 2199 21608
246 2208 2180
247 2214 12610
248 2224 30898
249 2229 4021
250 2240 1187
251 2242 27197
252 2260 12952
253 2289 5478
254 2293 9907
255 2297 18910
256 2307 17225
257 2307 34802
258 2312 28922
259 2314 8673
260 2318 25173
261 2325 2161
262 2332 8730
263 2332 30433
264 2335 26844
265 2340 3491
266 2345 30757
267 2359 12590
268 2364 11132
269 2366 9433
270 2375 33568
271 2385 31447
272 2390 23672
273 2401 15812
274 2406 33685
275 2417 22029
276 2421 13023
277 2432 30906
278 2445 18206
279 2449 659
280 2450 10707
281 2461 20841
282 2461 29273
283 2473 31466
284 2479 30293
285 2480 17646
286 2480 31194
287 2485 13567
288 2496 28344
289 2506 7833
290 2513 1834
291 2514 8760
292 2522 3575
293 2533 5111
294 2539 4292
295 2541 18918
296 2542 24037
297 2558 7091
298 2558 15162
299 2567 12560
300 2575 20291
301 2596 29335
302 2597 866
303 2602 9322
304 2608 14510
305 2616 33190
306 2619 27371
307 2620 5818
308 2624 19558
309 2626 20731
310 2627 11842
311 2629 8802
312 2631 23557
313 2637 27658
314 2643 6414
315 2643 33244
316 2658 27585
317 2662 13888
318 2664 3396
319 2667 15015
320 2671 14639
321 2673 30732
322 2674 22344
323 2690 24563
324 2699 28568
325 2707 13810
326 2709 30551
327 2712 29615
328 2722 19120
329 2740 13252
330 2744 15477
331 2753 812
332 2756 7939
333 2760 11509
334 2769 16000
335 2773 21830
336 2776 16747
337 2779 22071
338 2780 30476
339 2782 19664
340 2799 34720
341 2825 24836
342 2847 24648
343 2853 31343
344 2884 23797
345 2892 13878
346 2897 26923
347 2899 15221
348 2913 20017
349 2942 17267
350 2948 28696
351 2960 3807
352 2960 5015
353 2964 3301
354 2970 31290
355 2971 7775
356 2987 3685
357 2992 27037
358 3012 8507
359 3028 34718
360 3043 5373
361 3051 6242
362 3069 11394
363 3079 17119
364 3096 27365
365 3100 25421
366 3115 5622
367 3117 12909
368 3119 1694
369 3119 15398
370 3121 12025
371 3126 33072
372 3148 12122
373 3149 13944
374 3175 14774
375 3178 29204
376 3196 21413
377 3214 21090
378 3217 33792
379 3219 28786
380 3221 16735
381 3225 24960
382 3229 6414
383 3240 21203
384 3247 26947
385 3250 18594
386 3259 2987
387 3269 30104
388 3271 30563
389 3277 24996
390 3286 13690
391 3289 13034
392 3314 8998
393 3317 25667
394 3324 4384
395 3324 17479
396 3324 33458
397 3333 24933
398 3335 4618
399 3335 22600
400 3343 22623
401 3343 27791
402 3347 10294
403 3348 10997
404 3350 6637
405 3353 20509
406 3361 34536
407 3369 23876
408 3376 10801
409 3377 94
410 3379 2399
411 3390 19161
412 3397 17746
413 3401 17865
414 3414 16907
415 3415 7196
416 3416 32683
417 3428 13949
418 3430 25567
419 3451 27574
420 3453 13227
421 3456 24844
422 3475 28745
423 3493 10861
424 3496 15907
425 3503 34296
426 3505 24321
427 3505 32299
428 3555 21751
429 3565 13038
430 3575 27154
431 3577 13952
432 3600 14377
433 3614 21868
434 3625 7797
435 3650 1103
436 3666 15889
437 3679 1107
438 3689 6806
439 3693 26838
440 3693 32409
441 3712 5758
442 3716 19996
443 3735 23714
444 3756 15090
445 3767 9487
446 3772 7781
447 3772 10329
448 3789 2843
449 3793 14691
450 3801 10933
451 3803 20306
452 3804 18872
453 3809 22152
454 3811 516
455 3817 28084
456 3818 25270
457 3821 11224
458 3822 1949
459 3822 23921
460 3832 3595
461 3835 17871
462 3844 1595
463 3845 13411
464 3846 233
465 3855 3989
466 3857 25493
467 3860 6851
468 3872 28394
469 3885 3854
470 3889 14919
471 3916 11404
472 3924 9786
473 3930 10071
474 3934 7237
475 3946 27089
476 3971 4067
477 3975 23827
478 3986 3823
479 3996 23191
480 4019 28890
481 4050 4006
482 4057 27671
483 4072 6222
484 4080 20342
485 4081 12284
486 4088 14436
487 4107 22876
488 4109 10507
489 4110 18842
490 4111 14392
491 4115 20043
492 4121 1986
493 4126 11899
494 4136 5451
495 4140 2296
496 4141 19545
497 4141 23120
498 4143 33809
499 4149 22283
500 4152 3783
501 4157 6653
502 4188 18666
503 4197 11258
504 4207 10277
505 4213 31339
506 4221 24678
507 4224 1841
508 4228 23003
509 4235 6633
510 4254 26176
511 4270 6564
512 4280 21452
513 4290 10220
514 4297 11981
515 4320 6343
516 4324 22453
517 4330 3964
518 4339 4504
519 4343 24949
520 4344 26443
521 4352 554
522 4367 31423
523 4397 2732
524 4418 17022
525 4421 33020
526 4424 11191
527 4424 11599
528 4428 33959
529 4438 21328
530 4439 14372
531 4446 16627
532 4456 3485
533 4471 11667
534 4476 12370
535 4497 27781
536 4502 889
537 4509 26845
538 4520 26432
539 4527 7174
540 4533 31406
541 4537 2792
542 4546 4340
543 4551 624
544 4560 21502
545 4572 13493
546 4572 26746
547 4584 15908
548 4586 9114
549 4591 27840
550 4610 25085
551 4621 34226
552 4640 25141
553 4652 18927
554 4652 19030
555 4652 22995
556 4656 15547
557 4656 23432
558 4675 20272
559 4696 14009
560 4725 32996
561 4731 5462
562 4742 28640
563 4747 16541
564 4780 26457
565 4784 1417
566 4787 18799
567 4789 25753
568 4801 7994
569 4809 7975
570 4809 20450
571 4813 2300
572 4815 3408
573 4827 22587
574 4829 22641
575 4831 11870
576 4837 29510
577 4850 32381
578 4853 1113
579 4855 18577
580 4871 28278
581 4886 17785
582 4891 16478
583 4892 29645
584 4920 25783
585 4932 12420
586 4942 10521
587 4954 16214
588 4955 4988
589 4955 13253
590 4964 15523
591 4972 31600
592 4976 7669
593 4983 17328
594 5000 10259
595 5015 1655
596 5016 15245
597 5024 34339
598 5029 12796
599 5093 34307
600 5098 21384
601 5102 33470
602 5124 9684
603 5141 29610
604 5155 11963
605 5157 14508
606 5166 15685
607 5208 30977
608 5217 10863
609 5225 13526
610 5235 28399
611 5246 32140
612 5251 13686
613 5259 22834
614 5262 25539
615 5264 6374
616 5270 4149
617 5271 29073
618 5274 33431
619 5284 29899
620 5305 5305
621 5305 6324
622 5316 28800
623 5324 3641
624 5355 28145
625 5371 1832
626 5383 8842
627 5402 7165
628 5417 10897
629 5430 12028
630 5435 21204
631 5442 23070
632 5453 17594
633 5459 32144
634 5461 9454
635 5463 27766
636 5469 33129
637 5481 30328
638 5492 598
639 5499 12582
640 5499 31782
641 5502 2298
642 5506 9499
643 5509 6658
644 5519 19040
645 5523 2664
646 5523 23940
647 5544 8965
648 5545 26726
649 5550 19014
650 5564 15550
651 5568 20763
652 5585 17826
653 5587 32971
654 5592 30081
655 5602 5267
656 5612 14591
657 5615 34632
658 5616 13491
659 5616 34729
660 5617 17840
661 5659 29118
662 5672 21609
663 5672 33164
664 5685 3523
665 5695 17242
666 5696 11606
667 5736 10545
668 5739 14085
669 5746 17695
670 5746 21569
671 5746 23847
672 5755 29118
673 5763 32238
674 5770 6573
675 5784 5881
676 5784 10610
677 5816 10889
678 5823 12343
679 5824 5482
680 5839 9031
681 5850 5109
682 5855 605
683 5855 20537
684 5867 6393
685 5883 17455
686 5886 26551
687 5887 4598
688 5887 15271
689 5887 31071
690 5897 18372
691 5900 14288
692 5900 19166
693 5909 25288
694 5918 16261
695 5934 6315
696 5937 15887
697 5937 20533
698 5942 17743
699 5955 31732
700 5963 25461
701 5976 16414
702 5978 20758
703 5978 28967
704 5985 10680
705 5990 4257
706 6001 31394
707 6005 1162
708 6007 33817
709 6023 31872
710 6033 8585
711 6035 34340
712 6056 14565
713 6057 29605
714 6074 18717
715 6076 2020
716 6081 23230
717 6113 15637
718 6113 16094
719 6114 32020
720 6135 30019
721 6143 14415
722 6163 29431
723 6166 17596
724 6173 15942
725 6175 33414
726 6188 29814
727 6208 23660
728 6210 12020
729 6232 29798
730 6234 15224
731 6247 24275
732 6275 25716
733 6286 830
734 6290 24521
735 6305 23754
736 6313 16256
737 6313 16378
738 6318 20004
739 6336 19739
740 6355 13463
741 6357 12392
742 6360 4395
743 6367 4009
744 6378 26595
745 6381 11288
746 6381 15466
747 6396 11035
748 6405 14747
749 6405 21381
750 6420 3290
751 6424 14193
752 6424 29718
753 6426 15427
754 6426 29847
755 6430 16298
756 6440 5816
757 6446 27735
758 6451 33289
759 6459 31125
760 6464 16443
761 6468 13515
762 6468 23934
763 6472 26625
764 6479 34444
765 6480 20768
766 6487 12089
767 6489 3511
768 6490 22750
769 6499 30712
770 6511 7184
771 6512 32239
772 6521 10421
773 6526 15564
774 6531 4242
775 6543 7680
776 6543 31611
777 6545 8031
778 6547 1275
779 6565 12224
780 6567 3222
781 6573 7034
782 6589 2041
783 6596 11955
784 6596 18069
785 6601 21797
786 6618 26923
787 6626 864
788 6634 2926
789 6643 16295
790 6660 23129
791 6665 28262
792 6670 28462
793 6673 21727
794 6683 16875
795 6686 14412
796 6690 3713
797 6696 7425
798 6700 22546
799 6702 28190
800 6721 12816
801 6725 18650
802 6725 28441
803 6727 33627
804 6739 13992
805 6744 20763
806 6746 21874
807 6751 13049
808 6751 18657
809 6761 34241
810 6782 545
811 6793 18317
812 6821 14149
813 6832 30079
814 6848 14517
815 6854 30212
816 6877 6443
817 6878 7926
818 6879 11377
819 6879 26902
820 6887 28087
821 6905 32493
822 6912 13737
823 6921 6451
824 6924 5401
825 6925 20786
826 6926 23095
827 6927 29659
828 6958 31595
829 6961 34018
830 6971 20528
831 6973 27152
832 6973 31068
833 6985 16760
834 6986 31647
835 6990 14095
836 6994 13393
837 6995 34606
838 7007 32086
839 7011 12571
840 7014 1017
841 7023 5092
842 7030 26508
843 7044 6999
844 7045 2479
845 7060 25094
846 7063 22225
847 7073 30773
848 7078 14705
849 7125 25310
850 7140 20265
851 7141 34183
852 7143 28979
853 7144 27287
854 7151 20018
855 7169 33322
856 7180 222
857 7202 33636
858 7209 9973
859 7233 15731
860 7243 477
861 7245 25744
862 7247 19539
863 7256 4982
864 7257 30088
865 7277 19287
866 7277 27266
867 7279 8894
868 7280 24324
869 7282 16067
870 7286 3128
871 7307 10480
872 7326 33030
873 7333 27482
874 7350 31526
875 7362 14652
876 7366 4687
877 7366 27657
878 7367 11834
879 7368 11511
880 7370 29176
881 7370 30898
882 7375 24553
883 7376 32507
884 7378 30377
885 7404 17125
886 7407 1065
887 7409 23521
888 7419 4244
889 7419 4401
890 7419 22046
891 7422 10777
892 7425 32071
893 7443 31219
894 7450 22354
895 7450 33048
896 7454 34185
897 7458 13192
898 7478 30468
899 7483 13961
900 7488 20090
901 7491 11755
902 7500 14976
903 7515 33851
904 7521 14856
905 7572 24566
906 7574 7157
907 7588 22645
908 7593 24593
909 7596 7028
910 7596 33626
911 7629 18704
912 7631 32426
913 7632 7921
914 7638 21397
915 7642 11713
916 7646 6456
917 7647 7081
918 7653 23654
919 7654 30692
920 7660 19721
921 7661 3738
922 7669 13664
923 7671 34316
924 7676 30922
925 7676 32919
926 7678 19540
927 7693 31143
928 7704 14459
929 7708 9565
930 7725 5806
931 7726 15754
932 7728 10048
933 7729 27902
934 7731 15405
935 7738 29699
936 7745 27834
937 7751 3323
938 7753 2183
939 7754 10429
940 7763 16485
941 7779 16502
942 7784 15817
943 7787 29337
944 7793 11898
945 7794 6461
946 7801 2940
947 7810 18478
948 7818 20163
949 7830 26064
950 7844 1632
951 7845 7754
952 7847 26845
953 7850 17926
954 7865 24452
955 7872 34173
956 7875 31530
957 7877 17116
958 7879 8347
959 7893 34165
960 7917 18684
961 7931 14622
962 7935 9569
963 7940 31345
964 7944 5538
965 7951 1518
966 7956 20116
967 7961 11633
968 7962 19895
969 7971 27268
970 7977 26036
971 7981 21917
972 7992 27939
973 7996 11754
974 8002 31824
975 8004 31310
976 8006 18832
977 8014 22283
978 8017 1348
979 8023 7844
980 8031 3676
981 8036 34120
982 8044 9200
983 8051 11548
984 8060 22636
985 8062 9330
986 8062 10205
987 8076 10089
988 8078 18932
989 8092 2210
990 8097 15609
991 8104 29236
992 8111 17449
993 8126 21314
994 8151 24551
995 8154 13361
996 8162 32339
997 8168 6145
998 8181 14670
999 8211 26667
1000 8216 4778
1001 8226 6845
1002 8227 15818
1003 8259 5959
1004 8273 9232
1005 8277 6909
1006 8284 3544
1007 8285 2180
1008 8289 6447
1009 8290 10825
1010 8293 18007
1011 8299 33792
1012 8308 34665
1013 8326 9501
1014 8335 10555
1015 8348 32438
1016 8361 4312
1017 8366 25513
1018 8371 165
1019 8381 10110
1020 8384 30124
1021 8395 31768
1022 8397 2470
1023 8397 15763
1024 8400 14400
1025 8403 1237
1026 8403 13711
1027 8407 15075
1028 8408 29590
1029 8414 33288
1030 8428 13502
1031 8462 10634
1032 8493 17360
1033 8497 28553
1034 8511 30202
1035 8528 660
1036 8529 15164
1037 8531 32502
1038 8535 8144
1039 8536 32292
1040 8544 14457
1041 8548 212
1042 8551 13341
1043 8553 26105
1044 8555 7412
1045 8560 15744
1046 8582 7697
1047 8582 23268
1048 8592 31458
1049 8598 6445
1050 8604 24932
1051 8606 14650
1052 8614 19451
1053 8619 15058
1054 8630 5962
1055 8631 30685
1056 8634 18105
1057 8637 26850
1058 8642 10698
1059 8651 14626
1060 8652 27624
1061 8655 24228
1062 8657 3389
1063 8674 5687
1064 8691 28634
1065 8694 12284
1066 8703 15900
1067 8718 12815
1068 8735 1080
1069 8742 3589
1070 8749 21898
1071 8760 11280
1072 8761 32265
1073 8770 11925
1074 8772 14952
1075 8774 18787
1076 8787 29755
1077 8807 1937
1078 8807 11621
1079 8809 6067
1080 8817 33459
1081 8821 28376
1082 8840 26322
1083 8848 13560
1084 8856 27735
1085 8860 15246
1086 8862 3230
1087 8862 24225
1088 8893 25774
1089 8898 4877
1090 8901 13778
1091 8903 23122
1092 8922 5927
1093 8924 13913
1094 8926 3060
1095 8928 32940
1096 8936 8586
1097 8956 13088
1098 8963 25319
1099 8977 9862
1100 8980 8077
1101 8981 270
1102 8990 18156
1103 8991 20819
1104 9002 11790
1105 9007 28106
1106 9009 2623
1107 9015 6476
1108 9026 15380
1109 9037 16208
1110 9041 14625
1111 9043 12484
1112 9045 2416
1113 9048 34523
1114 9049 31384
1115 9052 22845
1116 9053 34650
1117 9057 13783
1118 9068 15500
1119 9071 10040
1120 9093 15406
1121 9101 27039
1122 9102 7790
1123 9106 7207
1124 9109 5342
1125 9123 7083
1126 9128 9018
1127 9134 32325
1128 9140 31294
1129 9156 21373
1130 9162 14842
1131 9162 25095
1132 9167 21971
1133 9172 26693
1134 9177 9730
1135 9177 17389
1136 9183 28653
1137 9194 7440
1138 9197 9058
1139 9207 6829
1140 9209 747
1141 9215 6940
1142 9224 14848
1143 9235 34070
1144 9260 26742
1145 9261 1584
1146 9266 3838
1147 9274 11477
1148 9292 1436
1149 9306 4901
1150 9309 32363
1151 9322 13493
1152 9323 29243
1153 9329 7752
1154 9330 21555
1155 9332 32124
1156 9343 28879
1157 9351 5963
1158 9358 14938
1159 9373 23261
1160 9398 26232
1161 9411 23139
1162 9413 34711
1163 9431 24488
1164 9442 30144
1165 9445 28690
1166 9465 23329
1167 9468 22573
1168 9471 30199
1169 9480 26785
1170 9489 11374
1171 9512 15350
1172 9529 16681
1173 9532 10227
1174 9542 34049
1175 9545 8421
1176 9557 14732
1177 9559 9373
1178 9569 3538
1179 9581 23258
1180 9585 22752
1181 9593 31829
1182 9611 5790
1183 9615 28733
1184 9616 4734
1185 9618 32897
1186 9621 27535
1187 9621 33804
1188 9627 21567
1189 9638 24801
1190 9650 22194
1191 9655 1357
1192 9675 21620
1193 9692 31872
1194 9698 20241
1195 9708 25538
1196 9724 26662
1197 9732 15421
1198 9755 1377
1199 9764 28471
1200 9772 12171
1201 9788 9574
1202 9805 34283
1203 9806 13631
1204 9808 613
1205 9841 12307
1206 9849 27540
1207 9850 3719
1208 9864 12510
1209 9867 21654
1210 9895 3706
1211 9898 489
1212 9907 21509
1213 9912 16018
1214 9913 7954
1215 9919 24245
1216 9921 16541
1217 9923 9333
1218 9931 5234
1219 9932 10737
1220 9936 17668
1221 9944 3035
1222 9950 14402
1223 9951 20711
1224 9952 20646
1225 9957 2571
1226 9971 30664
1227 9974 19422
1228 9978 4326
1229 10007 29946
1230 10008 978
1231 10021 13565
1232 10053 24679
1233 10067 6588
1234 10071 118
1235 10080 10188
1236 10081 8506
1237 10083 31708
1238 10089 22581
1239 10090 3595
1240 10093 24294
1241 10105 8580
1242 10108 12
1243 10119 33214
1244 10120 13372
1245 10129 6107
1246 10130 5785
1247 10142 27557
1248 10143 8718
1249 10146 29096
1250 10147 12746
1251 10154 23143
1252 10163 12984
1253 10166 25457
1254 10176 22047
1255 10185 4229
1256 10201 789
1257 10202 17934
1258 10206 16586
1259 10208 3257
1260 10217 7176
1261 10223 11812
1262 10225 25848
1263 10239 22896
1264 10253 18077
1265 10265 16142
1266 10268 5969
1267 10275 1467
1268 10276 27448
1269 10278 12395
1270 10286 30530
1271 10297 25994
1272 10303 26410
1273 10304 29839
1274 10308 4254
1275 10323 32187
1276 10332 30563
1277 10337 2030
1278 10337 22239
1279 10344 21006
1280 10345 27117
1281 10347 17460
1282 10354 28564
1283 10357 5083
1284 10362 7195
1285 10366 12620
1286 10376 33960
1287 10379 16890
1288 10390 5990
1289 10391 5079
1290 10392 33652
1291 10427 10743
1292 10428 5736
1293 10454 7550
1294 10454 12265
1295 10454 16549
1296 10471 19770
1297 10483 10121
1298 10490 4979
1299 10493 34528
1300 10494 13948
1301 10494 18566
1302 10496 8603
1303 10500 24342
1304 10506 29021
1305 10508 23152
1306 10512 6311
1307 10529 11690
1308 10529 21352
1309 10561 15001
1310 10573 3901
1311 10576 12283
1312 10596 15106
1313 10605 2648
1314 10605 14334
1315 10609 23926
1316 10628 5169
1317 10635 4800
1318 10643 5136
1319 10645 18704
1320 10650 24901
1321 10653 21034
1322 10655 32966
1323 10658 33005
1324 10699 28952
1325 10707 9
1326 10710 21573
1327 10714 18912
1328 10721 8291
1329 10723 17940
1330 10749 3953
1331 10760 18712
1332 10761 3090
1333 10764 13255
1334 10784 17011
1335 10786 266
1336 10788 9437
1337 10809 17138
1338 10809 20370
1339 10813 6739
1340 10818 30287
1341 10819 7659
1342 10834 232
1343 10841 29035
1344 10843 10060
1345 10844 1394
1346 10851 25067
1347 10852 621
1348 10854 18612
1349 10860 2949
1350 10865 22844
1351 10874 1263
1352 10877 19092
1353 10877 31197
1354 10889 14421
1355 10891 22828
1356 10894 23814
1357 10906 11015
1358 10910 29466
1359 10914 2184
1360 10964 10127
1361 10967 23280
1362 10969 10865
1363 10975 9142
1364 10981 27798
1365 10982 5035
1366 10985 14468
1367 10987 12814
1368 11008 1763
1369 11037 14481
1370 11048 3848
1371 11049 34619
1372 11050 20495
1373 11061 6674
1374 11066 6533
1375 11070 10014
1376 11073 15284
1377 11076 21155
1378 11078 7418
1379 11085 22261
1380 11109 15777
1381 11113 20333
1382 11117 19156
1383 11117 29612
1384 11120 8151
1385 11135 12340
1386 11169 15949
1387 11175 20291
1388 11177 24099
1389 11180 15142
1390 11203 12171
1391 11206 3821
1392 11228 19092
1393 11236 17915
1394 11241 10661
1395 11251 31162
1396 11258 5883
1397 11263 22993
1398 11270 9163
1399 11275 9039
1400 11277 30493
1401 11288 30184
1402 11290 27920
1403 11302 16211
1404 11309 22774
1405 11315 27951
1406 11315 29925
1407 11334 9244
1408 11336 20517
1409 11342 17714
1410 11344 10623
1411 11354 20520
1412 11357 8882
1413 11364 15975
1414 11367 19662
1415 11374 21135
1416 11379 25041
1417 11381 1502
1418 11383 17387
1419 11387 23409
1420 11399 32237
1421 11401 7950
1422 11414 12999
1423 11418 10869
1424 11422 19638
1425 11422 28402
1426 11452 14633
1427 11463 26931
1428 11468 16091
1429 11471 32515
1430 11472 19639
1431 11490 7382
1432 11494 659
1433 11495 32832
1434 11504 78
1435 11514 12855
1436 11516 3149
1437 11533 32637
1438 11543 26033
1439 11549 20284
1440 11560 33277
1441 11562 21743
1442 11572 10376
1443 11574 20429
1444 11594 25585
1445 11609 2861
1446 11620 30641
1447 11631 13786
1448 11635 10287
1449 11637 32662
1450 11640 8001
1451 11646 13451
1452 11660 3312
1453 11666 6704
1454 11666 25248
1455 11668 29167
1456 11673 3450
1457 11681 5186
1458 11697 29101
1459 11701 17694
1460 11705 15978
1461 11709 20378
1462 11721 4421
1463 11723 15706
1464 11726 29551
1465 11728 7227
1466 11742 9597
1467 11775 473
1468 11776 15326
1469 11780 17939
1470 11786 32845
1471 11790 25075
1472 11802 17961
1473 11807 13378
1474 11809 18988
1475 11811 18291
1476 11818 4753
1477 11818 6948
1478 11822 19418
1479 11826 27547
1480 11829 3445
1481 11847 5522
1482 11847 16577
1483 11850 23244
1484 11853 11406
1485 11864 32460
1486 11868 14889
1487 11872 15409
1488 11877 5815
1489 11879 2095
1490 11901 25982
1491 11901 26106
1492 11908 25260
1493 11928 12917
1494 11937 8084
1495 11951 23448
1496 11965 1577
1497 11966 12465
1498 11966 29323
1499 11987 12410
1500 11996 16761
1501 12005 28967
1502 12010 22756
1503 12023 16355
1504 12023 22427
1505 12026 6972
1506 12026 31625
1507 12042 6386
1508 12043 26952
1509 12067 15646
1510 12079 24381
1511 12084 13898
1512 12085 496
1513 12088 10258
1514 12102 3087
1515 12117 468
1516 12119 19773
1517 12126 27274
1518 12131 13981
1519 12140 12295
1520 12145 3980
1521 12145 28953
1522 12147 14032
1523 12153 18919
1524 12158 30220
1525 12179 1845
1526 12181 22297
1527 12200 18978
1528 12201 23579
1529 12215 2786
1530 12220 20665
1531 12264 15891
1532 12266 19351
1533 12279 15536
1534 12284 27709
1535 12291 29788
1536 12296 8235
1537 12296 8464
1538 12307 22198
1539 12324 3533
1540 12353 30902
1541 12382 1502
1542 12385 1077
1543 12387 16807
1544 12392 28268
1545 12393 26899
1546 12394 18779
1547 12398 32754
1548 12402 6665
1549 12407 1336
1550 12408 2147
1551 12412 9070
1552 12430 26065
1553 12435 30315
1554 12440 22828
1555 12445 15238
1556 12455 15530
1557 12458 26531
1558 12464 18829
1559 12464 34757
1560 12476 23640
1561 12482 34254
1562 12496 33277
1563 12501 19149
1564 12503 23712
1565 12516 1317
1566 12519 2415
1567 12524 24005
1568 12529 2415
1569 12530 27968
1570 12535 21331
1571 12536 4527
1572 12536 31565
1573 12538 7079
1574 12543 24667
1575 12550 32724
1576 12561 34181
1577 12563 26293
1578 12567 12414
1579 12573 1723
1580 12576 28492
1581 12589 1203
1582 12589 24515
1583 12591 16050
1584 12598 9607
1585 12604 24593
1586 12619 25004
1587 12621 20405
1588 12631 28856
1589 12640 28749
1590 12650 9613
1591 12651 7190
1592 12663 20959
1593 12665 27055
1594 12674 14738
1595 12685 4506
1596 12690 10549
1597 12690 33574
1598 12703 4463
1599 12713 6519
1600 12735 23621
1601 12745 16541
1602 12754 4610
1603 12757 8756
1604 12773 31310
1605 12774 25590
1606 12776 21535
1607 12791 17316
1608 12804 1118
1609 12807 29157
1610 12812 6494
1611 12812 28263
1612 12817 14431
1613 12836 18728
1614 12847 21624
1615 12854 22172
1616 12868 14355
1617 12875 7927
1618 12878 18315
1619 12879 4344
1620 12886 25504
1621 12894 24365
1622 12934 30416
1623 12939 13481
1624 12939 19811
1625 12945 24262
1626 12946 27571
1627 12947 25888
1628 12949 28323
1629 12954 10967
1630 12955 28326
1631 12965 17612
1632 12970 21747
1633 12974 4523
1634 12975 18677
1635 12981 16120
1636 12990 4214
1637 13018 19842
1638 13019 20596
1639 13025 14344
1640 13029 3184
1641 13040 20529
1642 13043 12132
1643 13048 8187
1644 13055 7659
1645 13078 33973
1646 13108 5291
1647 13112 19744
1648 13112 33634
1649 13118 14392
1650 13119 10374
1651 13130 33922
1652 13153 32148
1653 13154 30301
1654 13156 11777
1655 13161 18638
1656 13168 33311
1657 13191 10316
1658 13194 3748
1659 13198 25965
1660 13206 26150
1661 13215 31500
1662 13222 2589
1663 13226 18802
1664 13234 12627
1665 13238 24112
1666 13246 28314
1667 13250 2920
1668 13251 21471
1669 13253 24837
1670 13264 6301
1671 13273 13883
1672 13293 27457
1673 13299 19479
1674 13300 4316
1675 13308 24479
1676 13316 28489
1677 13318 11720
1678 13319 17909
1679 13334 14296
1680 13339 26931
1681 13339 33906
1682 13350 24145
1683 13353 2730
1684 13360 3212
1685 13361 30313
1686 13376 15644
1687 13377 13667
1688 13389 2724
1689 13416 16124
1690 13419 10601
1691 13428 16752
1692 13434 17665
1693 13440 28927
1694 13449 2506
1695 13450 4501
1696 13456 2301
1697 13459 6208
1698 13465 5168
1699 13473 5308
1700 13476 24285
1701 13478 19219
1702 13481 32736
1703 13494 2021
1704 13498 11071
1705 13499 24583
1706 13509 21637
1707 13526 2999
1708 13528 16300
1709 13544 23859
1710 13549 34741
1711 13570 2080
1712 13578 12108
1713 13580 26019
1714 13627 24645
1715 13641 11002
1716 13641 11715
1717 13641 14510
1718 13650 20975
1719 13661 12114
1720 13663 14856
1721 13674 20712
1722 13687 31805
1723 13690 7631
1724 13694 22929
1725 13699 7660
1726 13705 15745
1727 13715 16046
1728 13715 23317
1729 13723 797
1730 13726 1439
1731 13734 1658
1732 13735 26365
1733 13736 21324
1734 13740 17988
1735 13756 16251
1736 13761 19463
1737 13771 23805
1738 13775 7098
1739 13778 22122
1740 13793 5748
1741 13798 13529
1742 13802 2606
1743 13812 28949
1744 13813 18902
1745 13825 20267
1746 13830 979
1747 13837 5994
1748 13848 7459
1749 13872 16906
1750 13875 13171
1751 13877 32388
1752 13881 5557
1753 13888 18221
1754 13896 33166
1755 13898 15006
1756 13909 14574
1757 13911 14667
1758 13916 29594
1759 13918 27094
1760 13927 9698
1761 13929 17971
1762 13929 31835
1763 13932 9584
1764 13948 11429
1765 13961 2567
1766 13978 5698
1767 13983 14433
1768 13993 22386
1769 13996 17098
1770 14021 12617
1771 14026 6744
1772 14030 27290
1773 14034 1686
1774 14037 6266
1775 14038 32703
1776 14043 31296
1777 14045 587
1778 14045 13827
1779 14068 20149
1780 14073 29168
1781 14137 10693
1782 14138 34619
1783 14157 9512
1784 14191 10600
1785 14191 25005
1786 14193 23430
1787 14202 8892
1788 14206 26710
1789 14209 14373
1790 14222 3020
1791 14231 31052
1792 14250 9616
1793 14257 16113
1794 14262 30137
1795 14268 26700
1796 14279 9163
1797 14281 28728
1798 14294 16968
1799 14296 16538
1800 14304 21665
1801 14308 31556
1802 14309 8105
1803 14315 28382
1804 14327 21387
1805 14344 9629
1806 14356 31450
1807 14372 14257
1808 14380 22999
1809 14381 30358
1810 14386 26288
1811 14397 18546
1812 14404 15946
1813 14409 24984
1814 14418 24214
1815 14420 691
1816 14421 9883
1817 14421 10803
1818 14432 30922
1819 14434 33472
1820 14445 10471
1821 14450 14582
1822 14462 20465
1823 14465 33060
1824 14470 17125
1825 14491 10090
1826 14495 22359
1827 14503 22842
1828 14510 2362
1829 14512 33953
1830 14515 5959
1831 14522 29178
1832 14524 28706
1833 14550 3539
1834 14555 2658
1835 14575 16099
1836 14589 1361
1837 14602 5773
1838 14609 32879
1839 14612 34780
1840 14615 4193
1841 14617 5164
1842 14619 8303
1843 14625 22677
1844 14628 18237
1845 14636 1401
1846 14639 28976
1847 14661 6114
1848 14666 950
1849 14674 3979
1850 14699 3735
1851 14701 33118
1852 14708 5122
1853 14725 10786
1854 14731 15977
1855 14745 11107
1856 14750 33926
1857 14751 23536
1858 14762 33384
1859 14770 27597
1860 14777 29148
1861 14782 28311
1862 14801 11796
1863 14803 32094
1864 14818 3429
1865 14835 31321
1866 14840 7554
1867 14846 5494
1868 14848 16258
1869 14869 15391
1870 14872 22461
1871 14897 15691
1872 14901 11332
1873 14910 1102
1874 14911 19769
1875 14919 3056
1876 14923 21075
1877 14923 21838
1878 14925 19061
1879 14933 17929
1880 14941 8866
1881 14947 23215
1882 14949 7299
1883 14961 31096
1884 14969 5556
1885 14969 17799
1886 14971 4990
1887 14972 21352
1888 14979 18660
1889 14983 15783
1890 14983 28732
1891 14988 13975
1892 14990 27792
1893 14995 13065
1894 15006 22812
1895 15019 19332
1896 15048 29241
1897 15056 21151
1898 15060 10470
1899 15063 26191
1900 15077 24967
1901 15097 9522
1902 15098 8244
1903 15100 30099
1904 15105 22810
1905 15127 26850
1906 15128 4396
1907 15151 11941
1908 15153 31556
1909 15169 34448
1910 15172 19526
1911 15173 26760
1912 15178 23917
1913 15227 32831
1914 15230 9821
1915 15241 23720
1916 15252 29843
1917 15290 13781
1918 15308 7214
1919 15308 12829
1920 15321 7743
1921 15325 11662
1922 15332 20975
1923 15332 27697
1924 15353 11196
1925 15356 234
1926 15362 18152
1927 15377 30812
1928 15378 4924
1929 15380 15242
1930 15382 31395
1931 15383 4416
1932 15388 12400
1933 15395 7567
1934 15402 28652
1935 15406 733
1936 15410 6934
1937 15420 5029
1938 15423 27503
1939 15458 19634
1940 15487 4521
1941 15498 17585
1942 15505 34594
1943 15516 30049
1944 15525 26675
1945 15543 513
1946 15543 34757
1947 15573 15448
1948 15578 34255
1949 15588 21183
1950 15590 26361
1951 15593 13879
1952 15594 28683
1953 15604 8877
1954 15606 27434
1955 15607 29274
1956 15625 30777
1957 15642 22946
1958 15646 25414
1959 15648 3157
1960 15648 14694
1961 15650 30054
1962 15671 12324
1963 15674 21293
1964 15677 30504
1965 15683 8836
1966 15686 2415
1967 15694 4438
1968 15703 13688
1969 15722 33241
1970 15727 2320
1971 15727 15793
1972 15743 19740
1973 15755 16017
1974 15765 17589
1975 15768 33799
1976 15775 2614
1977 15777 17133
1978 15789 6376
1979 15794 17694
1980 15805 32047
1981 15810 18409
1982 15827 2106
1983 15852 8706
1984 15854 10841
1985 15854 18379
1986 15865 30605
1987 15880 2039
1988 15880 3588
1989 15882 34164
1990 15886 23823
1991 15889 3844
1992 15889 33247
1993 15899 20245
1994 15907 3713
1995 15908 20708
1996 15940 4490
1997 15943 7465
1998 15959 13319
1999 15970 8740
2000 15976 10414
2001 15983 26012
2002 15989 3199
2003 15989 26210
2004 15995 30504
2005 15999 11221
2006 16000 8310
2007 16021 2068
2008 16023 11327
2009 16025 7022
2010 16031 10600
2011 16045 22104
2012 16058 7665
2013 16067 20237
2014 16070 9211
2015 16092 7113
2016 16097 33795
2017 16117 1645
2018 16139 19035
2019 16140 968
2020 16151 28523
2021 16161 31956
2022 16163 20767
2023 16165 32087
2024 16166 13447
2025 16166 33465
2026 16182 4048
2027 16183 28155
2028 16184 26909
2029 16191 29932
2030 16194 24142
2031 16200 18387
2032 16222 5907
2033 16223 9530
2034 16225 6715
2035 16235 24787
2036 16244 11608
2037 16245 506
2038 16259 26078
2039 16264 14276
2040 16273 23114
2041 16280 28682
2042 16286 1825
2043 16296 9118
2044 16302 20552
2045 16319 29725
2046 16333 20764
2047 16342 17589
2048 16343 28589
2049 16345 12123
2050 16358 9564
2051 16365 1551
2052 16373 27588
2053 16382 4424
2054 16392 20043
2055 16395 20066
2056 16395 26329
2057 16396 5218
2058 16408 13584
2059 16411 25998
2060 16414 22238
2061 16414 27590
2062 16415 33590
2063 16422 5496
2064 16450 22649
2065 16457 24945
2066 16462 26058
2067 16487 1096
2068 16512 14149
2069 16514 292
2070 16514 18673
2071 16518 31763
2072 16522 26495
2073 16535 5113
2074 16536 6846
2075 16538 23132
2076 16539 476
2077 16539 13004
2078 16539 28339
2079 16541 32179
2080 16542 32691
2081 16545 9980
2082 16549 19280
2083 16550 20300
2084 16577 16958
2085 16582 2436
2086 16590 22018
2087 16596 1417
2088 16602 24684
2089 16603 24451
2090 16607 23586
2091 16622 19289
2092 16626 14014
2093 16642 15786
2094 16644 26122
2095 16661 15187
2096 16676 22479
2097 16696 5897
2098 16697 12936
2099 16704 6600
2100 16706 31372
2101 16714 209
2102 16716 24678
2103 16720 5383
2104 16722 27420
2105 16734 33470
2106 16736 34716
2107 16771 9195
2108 16773 13750
2109 16774 2218
2110 16775 27482
2111 16778 19223
2112 16780 31491
2113 16799 33527
2114 16801 24561
2115 16813 33518
2116 16814 30788
2117 16817 283
2118 16821 11084
2119 16821 20610
2120 16826 28757
2121 16836 10588
2122 16837 25907
2123 16849 33600
2124 16878 27873
2125 16899 7437
2126 16935 5352
2127 16936 1102
2128 16956 27230
2129 16966 22126
2130 16985 33848
2131 16986 12822
2132 16991 11872
2133 16993 1801
2134 17009 15674
2135 17023 30291
2136 17034 23323
2137 17035 27601
2138 17043 31704
2139 17045 18553
2140 17052 31308
2141 17054 12035
2142 17061 8895
2143 17061 33697
2144 17069 17198
2145 17069 32070
2146 17074 10621
2147 17089 21071
2148 17091 28576
2149 17104 3236
2150 17105 12535
2151 17120 27316
2152 17128 22506
2153 17157 19360
2154 17164 13755
2155 17167 9159
2156 17173 10695
2157 17179 19278
2158 17183 31143
2159 17197 6262
2160 17199 11094
2161 17206 6716
2162 17220 16487
2163 17224 2903
2164 17224 13825
2165 17230 13463
2166 17244 5469
2167 17253 20423
2168 17260 17088
2169 17263 20075
2170 17268 2883
2171 17277 18976
2172 17277 26839
2173 17284 24065
2174 17285 7118
2175 17300 8280
2176 17306 29230
2177 17310 5096
2178 17310 30444
2179 17328 5504
2180 17332 4524
2181 17341 18763
2182 17355 14689
2183 17360 27287
2184 17387 19224
2185 17401 10577
2186 17416 6204
2187 17440 30557
2188 17465 24929
2189 17476 3434
2190 17476 16754
2191 17478 15813
2192 17487 21559
2193 17490 3657
2194 17490 32507
2195 17493 17358
2196 17494 20154
2197 17509 32771
2198 17511 27746
2199 17529 21171
2200 17537 31040
2201 17539 32385
2202 17540 12141
2203 17540 13651
2204 17568 2399
2205 17574 9749
2206 17577 28131
2207 17593 17730
2208 17623 10272
2209 17636 14297
2210 17637 12622
2211 17638 34626
2212 17648 12581
2213 17650 14180
2214 17658 22527
2215 17696 22549
2216 17699 33435
2217 17728 30607
2218 17735 5320
2219 17744 20931
2220 17747 938
2221 17752 29660
2222 17764 7742
2223 17765 603
2224 17779 8869
2225 17780 8940
2226 17788 22890
2227 17790 22691
2228 17798 22226
2229 17809 27287
2230 17810 20896
2231 17819 2061
2232 17826 7933
2233 17827 12092
2234 17828 18806
2235 17845 32277
2236 17849 31854
2237 17879 24692
2238 17882 26434
2239 17886 32471
2240 17890 6829
2241 17890 16871
2242 17892 14412
2243 17907 1599
2244 17908 18211
2245 17930 3998
2246 17941 28741
2247 17942 6836
2248 17951 3194
2249 17951 11663
2250 17955 23553
2251 17960 23166
2252 17961 23758
2253 17964 2080
2254 17983 17590
2255 17984 21845
2256 17991 32287
2257 18000 698
2258 18024 12174
2259 18026 26167
2260 18038 23741
2261 18051 3333
2262 18051 6074
2263 18063 23053
2264 18070 30054
2265 18076 19867
2266 18080 27277
2267 18100 14874
2268 18105 12683
2269 18112 1727
2270 18114 8170
2271 18115 20145
2272 18131 1566
2273 18136 17172
2274 18150 21297
2275 18151 9348
2276 18155 12395
2277 18158 6097
2278 18164 20379
2279 18165 30295
2280 18169 19378
2281 18170 26283
2282 18180 15812
2283 18198 10857
2284 18202 22849
2285 18228 19290
2286 18231 20610
2287 18235 25225
2288 18242 3584
2289 18242 33667
2290 18256 17200
2291 18261 6196
2292 18270 2688
2293 18270 24530
2294 18271 33156
2295 18273 13634
2296 18274 23566
2297 18277 4138
2298 18291 5512
2299 18292 32916
2300 18295 14997
2301 18299 24025
2302 18302 15431
2303 18307 34079
2304 18348 3842
2305 18349 28450
2306 18349 28945
2307 18353 16888
2308 18354 32377
2309 18355 33806
2310 18377 10069
2311 18381 17431
2312 18382 3853
2313 18394 12742
2314 18398 20344
2315 18404 31846
2316 18405 1602
2317 18420 16078
2318 18436 161
2319 18445 9250
2320 18460 24001
2321 18463 1586
2322 18482 34628
2323 18489 27077
2324 18494 20050
2325 18503 16634
2326 18503 31781
2327 18509 4565
2328 18517 6567
2329 18517 8181
2330 18519 21682
2331 18522 29681
2332 18524 17349
2333 18526 3467
2334 18533 10472
2335 18539 10966
2336 18546 5454
2337 18554 31225
2338 18557 29484
2339 18563 4929
2340 18571 23175
2341 18578 554
2342 18586 13803
2343 18608 15598
2344 18611 7872
2345 18625 26637
2346 18626 9378
2347 18626 18547
2348 18628 30819
2349 18629 8212
2350 18629 28494
2351 18647 22719
2352 18651 31693
2353 18653 14629
2354 18662 30236
2355 18664 16923
2356 18665 2236
2357 18669 826
2358 18677 12935
2359 18689 27328
2360 18703 21905
2361 18704 862
2362 18705 7936
2363 18714 9673
2364 18721 1985
2365 18726 31339
2366 18727 13254
2367 18729 8387
2368 18744 2109
2369 18747 17988
2370 18749 33422
2371 18770 11083
2372 18771 16589
2373 18772 29819
2374 18782 1788
2375 18782 16618
2376 18787 3759
2377 18790 5328
2378 18793 14556
2379 18794 17316
2380 18803 22748
2381 18805 24306
2382 18814 21205
2383 18822 25856
2384 18824 32835
2385 18832 31702
2386 18850 15973
2387 18852 3121
2388 18854 31950
2389 18857 28954
2390 18860 26231
2391 18865 11103
2392 18867 15767
2393 18878 12215
2394 18882 4484
2395 18892 10289
2396 18895 12455
2397 18895 13222
2398 18896 4026
2399 18899 8818
2400 18911 10947
2401 18911 20128
2402 18913 9855
2403 18919 28826
2404 18930 33282
2405 18933 30039
2406 18939 18597
2407 18949 21032
2408 18956 8552
2409 18988 18652
2410 18990 16214
2411 18991 23301
2412 19005 15984
2413 19007 18337
2414 19013 26316
2415 19016 2651
2416 19023 3830
2417 19051 9632
2418 19052 19804
2419 19066 20105
2420 19071 9530
2421 19072 10935
2422 19073 12249
2423 19082 9491
2424 19092 20047
2425 19092 28968
2426 19101 11808
2427 19122 684
2428 19129 947
2429 19133 6508
2430 19137 19510
2431 19148 7963
2432 19153 31685
2433 19159 22441
2434 19168 32724
2435 19178 17006
2436 19179 590
2437 19180 12737
2438 19181 3683
2439 19184 18044
2440 19190 14658
2441 19194 31516
2442 19196 28528
2443 19216 27816
2444 19228 20977
2445 19241 4438
2446 19243 22944
2447 19255 14152
2448 19258 34304
2449 19265 6873
2450 19271 3263
2451 19283 23645
2452 19296 7682
2453 19302 5506
2454 19310 16003
2455 19332 19807
2456 19360 23096
2457 19370 26454
2458 19372 13474
2459 19387 11735
2460 19417 14816
2461 19419 9905
2462 19423 30482
2463 19441 3045
2464 19444 33539
2465 19448 10633
2466 19457 34214
2467 19489 3182
2468 19502 18704
2469 19513 18069
2470 19525 29438
2471 19532 15428
2472 19539 32563
2473 19540 18755
2474 19558 20713
2475 19561 27010
2476 19568 15529
2477 19588 12361
2478 19589 28503
2479 19591 30091
2480 19592 100
2481 19592 30564
2482 19593 18555
2483 19596 2809
2484 19602 15574
2485 19603 34470
2486 19620 26638
2487 19623 26284
2488 19627 30151
2489 19637 18957
2490 19638 3342
2491 19645 32228
2492 19646 32368
2493 19653 20617
2494 19655 24214
2495 19669 12504
2496 19686 2377
2497 19687 12193
2498 19689 1529
2499 19691 29961
2500 19701 17342
2501 19708 8190
2502 19730 25041
2503 19747 30357
2504 19748 12363
2505 19749 33826
2506 19754 14716
2507 19756 28344
2508 19771 10218
2509 19785 18391
2510 19787 18038
2511 19791 1467
2512 19800 17439
2513 19805 24562
2514 19824 33292
2515 19827 5011
2516 19839 18626
2517 19849 10829
2518 19867 19550
2519 19867 26106
2520 19878 9817
2521 19879 3634
2522 19882 31506
2523 19918 6509
2524 19930 10818
2525 19939 1482
2526 19942 11959
2527 19944 12790
2528 19960 14021
2529 19964 9360
2530 19973 20648
2531 19988 10288
2532 19994 27436
2533 20000 22691
2534 20018 34044
2535 20026 17207
2536 20051 33042
2537 20052 16889
2538 20053 10404
2539 20060 8149
2540 20066 18542
2541 20079 17753
2542 20103 19334
2543 20116 12483
2544 20121 24331
2545 20130 4237
2546 20135 16305
2547 20142 24359
2548 20143 29703
2549 20150 3390
2550 20160 16290
2551 20163 19790
2552 20166 24401
2553 20173 5854
2554 20174 25783
2555 20175 27801
2556 20185 1268
2557 20185 8974
2558 20190 21113
2559 20194 2308
2560 20207 15290
2561 20208 32841
2562 20210 16648
2563 20211 2235
2564 20216 19616
2565 20229 34061
2566 20231 34248
2567 20241 16557
2568 20259 13397
2569 20267 20181
2570 20287 31144
2571 20290 25677
2572 20302 22930
2573 20311 30377
2574 20332 32752
2575 20338 7041
2576 20338 19020
2577 20340 24536
2578 20346 17345
2579 20354 4930
2580 20365 27237
2581 20382 19704
2582 20396 15379
2583 20415 72
2584 20437 18628
2585 20438 16353
2586 20456 28423
2587 20461 4248
2588 20466 18485
2589 20469 14049
2590 20469 30727
2591 20481 32589
2592 20482 12909
2593 20489 14255
2594 20489 34344
2595 20502 14328
2596 20509 12068
2597 20515 29145
2598 20521 23903
2599 20527 12078
2600 20536 33670
2601 20541 6966
2602 20551 4798
2603 20565 1290
2604 20573 5054
2605 20575 13154
2606 20597 13628
2607 20599 21338
2608 20609 15109
2609 20614 31647
2610 20620 12104
2611 20625 14114
2612 20647 23850
2613 20649 28948
2614 20650 924
2615 20650 6951
2616 20651 5249
2617 20672 9278
2618 20675 21068
2619 20681 25381
2620 20693 29829
2621 20699 34415
2622 20710 25182
2623 20712 8250
2624 20712 25752
2625 20713 17714
2626 20715 31273
2627 20722 28576
2628 20726 15523
2629 20731 18067
2630 20758 18738
2631 20768 17921
2632 20768 33078
2633 20772 8998
2634 20779 27775
2635 20800 13753
2636 20805 11022
2637 20828 33916
2638 20829 26327
2639 20837 8239
2640 20847 6480
2641 20850 21086
2642 20856 21021
2643 20876 5003
2644 20882 3266
2645 20887 25051
2646 20891 17739
2647 20905 24141
2648 20906 21492
2649 20912 26019
2650 20917 12973
2651 20919 19907
2652 20929 12017
2653 20935 18011
2654 20944 24109
2655 20947 932
2656 20950 26427
2657 20951 20927
2658 20963 15234
2659 20963 31219
2660 20965 26672
2661 20981 12002
2662 20992 8973
2663 21002 21326
2664 21006 3093
2665 21010 28638
2666 21021 5586
2667 21036 12680
2668 21043 33986
2669 21044 3429
2670 21068 25099
2671 21068 33135
2672 21070 568
2673 21078 4682
2674 21087 17882
2675 21093 7075
2676 21094 27658
2677 21109 18557
2678 21110 24503
2679 21114 31495
2680 21133 2916
2681 21135 14404
2682 21141 27884
2683 21154 12888
2684 21184 31387
2685 21197 32450
2686 21203 19512
2687 21206 15058
2688 21209 8479
2689 21217 31919
2690 21231 10010
2691 21245 9485
2692 21253 34540
2693 21269 7869
2694 21277 22907
2695 21280 9662
2696 21283 11427
2697 21288 6715
2698 21288 10692
2699 21312 14904
2700 21318 2388
2701 21328 32407
2702 21351 2177
2703 21359 17946
2704 21363 22875
2705 21385 28183
2706 21387 33438
2707 21413 7167
2708 21421 20088
2709 21422 14721
2710 21455 9582
2711 21455 21938
2712 21481 30156
2713 21482 8217
2714 21493 16060
2715 21493 33110
2716 21505 5976
2717 21507 25580
2718 21516 7741
2719 21520 17687
2720 21537 9249
2721 21546 27521
2722 21549 22070
2723 21555 1489
2724 21555 29051
2725 21559 16629
2726 21564 2660
2727 21565 20917
2728 21568 20446
2729 21569 7579
2730 21573 33321
2731 21601 9569
2732 21605 26094
2733 21608 15035
2734 21623 9289
2735 21628 16008
2736 21630 13128
2737 21630 14758
2738 21642 32805
2739 21674 21724
2740 21687 23308
2741 21701 30384
2742 21714 31142
2743 21718 21595
2744 21733 34660
2745 21734 22002
2746 21735 1252
2747 21742 21227
2748 21742 29822
2749 21743 14235
2750 21760 5324
2751 21762 20565
2752 21765 11310
2753 21770 2537
2754 21781 6615
2755 21784 4093
2756 21788 89
2757 21793 25664
2758 21796 32854
2759 21797 27549
2760 21803 15692
2761 21803 22341
2762 21810 31067
2763 21811 18435
2764 21823 33230
2765 21835 117
2766 21847 19037
2767 21848 16087
2768 21850 27804
2769 21876 25875
2770 21901 1186
2771 21908 8552
2772 21930 33409
2773 21934 32274
2774 21946 3876
2775 21946 25356
2776 21951 3526
2777 21962 10321
2778 21969 13967
2779 21983 33990
2780 21986 3701
2781 21988 7578
2782 21989 17042
2783 21998 30241
2784 22013 11571
2785 22019 30563
2786 22025 15157
2787 22027 27621
2788 22052 28279
2789 22053 31333
2790 22054 11571
2791 22069 7867
2792 22092 18900
2793 22105 43
2794 22108 31097
2795 22115 3948
2796 22120 6281
2797 22125 22888
2798 22146 33862
2799 22151 24771
2800 22151 29098
2801 22168 1706
2802 22172 27734
2803 22179 33086
2804 22182 33024
2805 22186 5944
2806 22200 12066
2807 22227 21863
2808 22233 9295
2809 22234 12201
2810 22235 4088
2811 22238 7788
2812 22240 150
2813 22245 9745
2814 22250 12418
2815 22250 22000
2816 22253 15145
2817 22270 18309
2818 22281 4719
2819 22285 33235
2820 22286 2285
2821 22295 33420
2822 22298 26220
2823 22298 26908
2824 22300 10295
2825 22306 14423
2826 22308 3587
2827 22317 9728
2828 22318 15915
2829 22318 33995
2830 22319 19813
2831 22328 32636
2832 22338 20134
2833 22356 17359
2834 22357 19046
2835 22368 18200
2836 22375 26114
2837 22376 8131
2838 22377 16241
2839 22394 27586
2840 22396 12656
2841 22398 4155
2842 22398 24132
2843 22402 29565
2844 22406 12925
2845 22427 9272
2846 22428 25031
2847 22434 5801
2848 22447 22128
2849 22449 20278
2850 22451 10474
2851 22453 22126
2852 22454 21676
2853 22460 11312
2854 22461 19967
2855 22471 20367
2856 22472 25339
2857 22491 7691
2858 22491 31785
2859 22493 29851
2860 22510 1413
2861 22527 15517
2862 22530 30122
2863 22535 29279
2864 22539 25744
2865 22543 8449
2866 22548 34645
2867 22557 31593
2868 22570 23623
2869 22584 9543
2870 22612 22018
2871 22626 15446
2872 22633 22744
2873 22650 25873
2874 22652 29307
2875 22672 9455
2876 22682 30384
2877 22689 9852
2878 22694 620
2879 22703 30024
2880 22715 5101
2881 22717 15799
2882 22731 27603
2883 22741 24748
2884 22742 23233
2885 22750 2026
2886 22755 21647
2887 22772 11085
2888 22779 27275
2889 22787 31626
2890 22817 8120
2891 22841 19545
2892 22853 14494
2893 22855 7640
2894 22873 27133
2895 22890 21790
2896 22893 2336
2897 22913 13947
2898 22917 12840
2899 22929 7795
2900 22930 555
2901 22936 1930
2902 22951 21539
2903 22957 22509
2904 22957 31844
2905 22962 9373
2906 22973 19826
2907 22977 11454
2908 22983 19611
2909 22991 30638
2910 23021 18734
2911 23023 8906
2912 23024 24351
2913 23069 29425
2914 23070 32780
2915 23070 34495
2916 23071 27501
2917 23079 3303
2918 23086 23625
2919 23091 28802
2920 23103 1791
2921 23105 560
2922 23108 18502
2923 23118 30165
2924 23131 21729
2925 23155 2170
2926 23178 9883
2927 23190 15097
2928 23190 30666
2929 23194 10932
2930 23197 30945
2931 23207 23805
2932 23213 34116
2933 23220 9847
2934 23226 24781
2935 23238 27959
2936 23240 27823
2937 23249 7425
2938 23255 1816
2939 23256 32231
2940 23257 6599
2941 23287 305
2942 23288 34271
2943 23295 29948
2944 23299 21006
2945 23311 28577
2946 23313 18703
2947 23322 27121
2948 23331 34616
2949 23337 16076
2950 23340 10899
2951 23342 21526
2952 23343 11573
2953 23353 19382
2954 23354 2483
2955 23355 2827
2956 23361 1254
2957 23362 25849
2958 23371 32505
2959 23380 32957
2960 23405 31065
2961 23406 34568
2962 23425 24684
2963 23426 21368
2964 23433 31703
2965 23449 33844
2966 23455 9156
2967 23456 11486
2968 23461 2761
2969 23463 23068
2970 23464 8206
2971 23471 1725
2972 23471 23521
2973 23480 6164
2974 23488 31962
2975 23490 14587
2976 23496 32571
2977 23502 1300
2978 23503 23084
2979 23503 27581
2980 23507 6058
2981 23532 19806
2982 23543 25096
2983 23545 4551
2984 23546 10576
2985 23553 24508
2986 23564 25264
2987 23573 4345
2988 23575 30178
2989 23576 4954
2990 23580 20842
2991 23581 16998
2992 23585 5467
2993 23585 31969
2994 23603 505
2995 23604 1499
2996 23604 22759
2997 23619 6414
2998 23629 33390
2999 23650 29865
3000 23668 25825
3001 23683 33045
3002 23688 7915
3003 23706 5183
3004 23712 19281
3005 23717 11539
3006 23717 21020
3007 23730 26923
3008 23746 12766
3009 23753 29857
3010 23757 18187
3011 23759 9236
3012 23762 30334
3013 23762 32950
3014 23765 19392
3015 23788 9480
3016 23795 222
3017 23824 16618
3018 23825 8002
3019 23834 11865
3020 23840 1038
3021 23852 11516
3022 23865 13121
3023 23882 1233
3024 23901 3378
3025 23902 6485
3026 23902 9057
3027 23912 27348
3028 23932 229
3029 23944 11514
3030 23947 10739
3031 23947 13488
3032 23960 2547
3033 23971 11319
3034 23973 2056
3035 23977 17114
3036 23979 21798
3037 23983 1154
3038 23995 31786
3039 24002 24766
3040 24017 7311
3041 24025 19312
3042 24032 31186
3043 24034 9853
3044 24041 5393
3045 24046 25389
3046 24047 32100
3047 24048 12253
3048 24049 3923
3049 24050 30577
3050 24055 20678
3051 24056 20890
3052 24057 14551
3053 24060 12476
3054 24061 5721
3055 24066 31904
3056 24068 13825
3057 24070 13461
3058 24070 32951
3059 24071 25139
3060 24088 21009
3061 24106 7138
3062 24109 19720
3063 24129 19289
3064 24137 4852
3065 24140 9361
3066 24146 3488
3067 24150 22486
3068 24156 21525
3069 24157 31508
3070 24159 9602
3071 24160 17180
3072 24166 8007
3073 24192 16224
3074 24211 1673
3075 24220 11330
3076 24231 30832
3077 24247 23198
3078 24252 26212
3079 24255 30416
3080 24266 5270
3081 24266 16300
3082 24278 8852
3083 24281 33352
3084 24283 26258
3085 24284 30347
3086 24287 1793
3087 24287 30838
3088 24300 31411
3089 24332 25519
3090 24365 29828
3091 24368 23350
3092 24373 12068
3093 24386 34628
3094 24392 21584
3095 24433 30750
3096 24451 28057
3097 24452 14491
3098 24454 7836
3099 24456 18021
3100 24461 2960
3101 24470 23116
3102 24476 7812
3103 24495 34647
3104 24502 7315
3105 24502 32792
3106 24508 6047
3107 24511 7284
3108 24529 29
3109 24532 738
3110 24545 25919
3111 24554 25919
3112 24559 23907
3113 24563 33285
3114 24573 22130
3115 24579 3995
3116 24582 31031
3117 24583 16140
3118 24606 3471
3119 24642 16399
3120 24649 23058
3121 24662 30149
3122 24663 2678
3123 24664 24083
3124 24682 13887
3125 24705 24278
3126 24736 23258
3127 24741 7140
3128 24745 22619
3129 24759 6643
3130 24767 31873
3131 24779 5417
3132 24786 7140
3133 24794 32781
3134 24806 30024
3135 24817 17633
3136 24819 9259
3137 24819 15993
3138 24830 22637
3139 24833 24065
3140 24833 25340
3141 24845 20222
3142 24851 27047
3143 24853 15379
3144 24859 5033
3145 24859 23929
3146 24862 22584
3147 24865 2982
3148 24867 13088
3149 24867 34203
3150 24883 20349
3151 24902 5043
3152 24909 4949
3153 24909 12630
3154 24920 25304
3155 24945 705
3156 24960 24943
3157 24966 1987
3158 24975 568
3159 24982 18312
3160 24986 3397
3161 24988 28395
3162 24993 26889
3163 25011 11523
3164 25062 24319
3165 25066 6541
3166 25071 1759
3167 25074 18068
3168 25075 19069
3169 25092 18355
3170 25100 9470
3171 25113 19925
3172 25128 18639
3173 25161 31185
3174 25166 21838
3175 25167 15029
3176 25203 33020
3177 25207 22604
3178 25210 5715
3179 25217 9676
3180 25227 30316
3181 25229 20706
3182 25244 30788
3183 25250 28864
3184 25259 18477
3185 25266 5376
3186 25278 31786
3187 25290 18557
3188 25291 27995
3189 25293 5859
3190 25311 686
3191 25313 20628
3192 25318 27506
3193 25339 8893
3194 25341 8374
3195 25342 29862
3196 25360 22736
3197 25367 11293
3198 25369 5551
3199 25380 32099
3200 25382 4132
3201 25398 2480
3202 25401 30917
3203 25404 14302
3204 25412 33252
3205 25431 28188
3206 25434 25908
3207 25440 22672
3208 25454 27022
3209 25464 31852
3210 25483 2685
3211 25483 8706
3212 25487 27539
3213 25488 21508
3214 25489 6469
3215 25513 11945
3216 25520 3381
3217 25532 31723
3218 25537 15037
3219 25543 11185
3220 25544 1304
3221 25570 14717
3222 25571 31488
3223 25575 11651
3224 25580 20163
3225 25584 32036
3226 25593 4265
3227 25593 15205
3228 25601 27087
3229 25613 13229
3230 25620 10834
3231 25626 31138
3232 25627 23943
3233 25646 11544
3234 25648 12386
3235 25652 15953
3236 25655 13875
3237 25663 7304
3238 25671 13826
3239 25677 32865
3240 25688 31565
3241 25695 13299
3242 25719 30319
3243 25723 16174
3244 25726 18747
3245 25731 6020
3246 25738 6784
3247 25741 9397
3248 25751 30222
3249 25759 29432
3250 25759 31537
3251 25760 2943
3252 25761 16239
3253 25771 18170
3254 25772 29379
3255 25775 4969
3256 25780 12552
3257 25781 24131
3258 25797 6800
3259 25798 7509
3260 25812 15196
3261 25814 25995
3262 25814 33343
3263 25816 17639
3264 25818 18343
3265 25837 8312
3266 25840 3516
3267 25842 31770
3268 25844 32179
3269 25852 8353
3270 25870 6915
3271 25894 4719
3272 25895 597
3273 25912 9355
3274 25923 30236
3275 25945 5321
3276 25954 3637
3277 25965 14780
3278 25972 8040
3279 25989 15374
3280 25994 30421
3281 26021 6393
3282 26023 28609
3283 26026 11936
3284 26030 12948
3285 26050 5921
3286 26055 12367
3287 26058 2591
3288 26058 28145
3289 26070 23720
3290 26095 24776
3291 26107 13486
3292 26127 15095
3293 26149 31540
3294 26161 4054
3295 26176 21409
3296 26201 30622
3297 26213 33825
3298 26226 13768
3299 26238 10952
3300 26262 6536
3301 26271 1752
3302 26282 136
3303 26289 28659
3304 26312 6053
3305 26322 9679
3306 26330 1934
3307 26339 22033
3308 26341 1055
3309 26358 33838
3310 26363 24818
3311 26371 13554
3312 26404 15082
3313 26408 8195
3314 26416 23258
3315 26417 6830
3316 26424 5159
3317 26426 18625
3318 26432 22993
3319 26433 27909
3320 26439 26393
3321 26446 29655
3322 26449 27037
3323 26462 1239
3324 26463 3869
3325 26472 5217
3326 26485 11053
3327 26488 32188
3328 26497 527
3329 26499 18627
3330 26511 20602
3331 26512 23379
3332 26516 28722
3333 26527 8549
3334 26579 3395
3335 26579 8081
3336 26594 29892
3337 26604 11886
3338 26609 16056
3339 26615 8926
3340 26617 33541
3341 26627 4516
3342 26637 27231
3343 26637 31449
3344 26639 4470
3345 26644 3687
3346 26644 12600
3347 26645 1830
3348 26651 19974
3349 26662 32497
3350 26673 4437
3351 26674 4538
3352 26679 4376
3353 26680 1906
3354 26684 17444
3355 26697 17399
3356 26697 30282
3357 26709 875
3358 26710 3231
3359 26712 26594
3360 26714 15286
3361 26718 9788
3362 26740 27438
3363 26747 15636
3364 26761 6324
3365 26761 34620
3366 26777 23056
3367 26779 765
3368 26793 2087
3369 26799 22289
3370 26811 13352
3371 26816 18099
3372 26830 12866
3373 26836 9184
3374 26837 2941
3375 26849 28829
3376 26853 4918
3377 26861 5521
3378 26861 12816
3379 26878 4458
3380 26881 14753
3381 26883 7204
3382 26885 12778
3383 26886 21688
3384 26912 18336
3385 26923 22928
3386 26948 29641
3387 26950 16731
3388 26951 20513
3389 26959 8559
3390 26960 19172
3391 26965 2152
3392 26986 17004
3393 26990 3396
3394 26993 4967
3395 26995 29934
3396 27012 25425
3397 27016 25689
3398 27020 26473
3399 27027 6980
3400 27030 17374
3401 27038 30038
3402 27043 20575
3403 27051 13967
3404 27057 6990
3405 27079 690
3406 27082 26859
3407 27107 5993
3408 27110 26286
3409 27121 3525
3410 27140 13978
3411 27152 5489
3412 27152 5771
3413 27164 19475
3414 27178 3927
3415 27178 17938
3416 27190 9811
3417 27213 18601
3418 27214 17880
3419 27214 30853
3420 27214 33732
3421 27222 22029
3422 27231 6567
3423 27245 23380
3424 27247 18478
3425 27249 31819
3426 27256 27725
3427 27256 31445
3428 27256 33556
3429 27259 13265
3430 27261 32544
3431 27263 4128
3432 27266 34679
3433 27275 10431
3434 27279 28796
3435 27290 5458
3436 27295 5610
3437 27301 28472
3438 27304 1044
3439 27314 4082
3440 27315 3277
3441 27315 10389
3442 27321 14873
3443 27325 2480
3444 27328 17170
3445 27333 3759
3446 27348 7163
3447 27352 3426
3448 27352 11112
3449 27400 5783
3450 27411 7561
3451 27415 13694
3452 27423 10640
3453 27433 10904
3454 27441 3366
3455 27469 34370
3456 27489 34250
3457 27492 17756
3458 27532 21162
3459 27549 10186
3460 27552 21131
3461 27563 24137
3462 27564 4277
3463 27566 24332
3464 27574 25097
3465 27575 12936
3466 27579 18921
3467 27581 470
3468 27588 1499
3469 27591 11539
3470 27595 31437
3471 27601 34025
3472 27621 20750
3473 27622 6071
3474 27630 8769
3475 27653 9334
3476 27658 33011
3477 27674 21993
3478 27679 29531
3479 27683 12169
3480 27714 27500
3481 27715 29107
3482 27725 11394
3483 27732 23124
3484 27743 16823
3485 27748 29063
3486 27755 18948
3487 27777 31727
3488 27790 3211
3489 27801 16678
3490 27803 6704
3491 27804 12760
3492 27805 15597
3493 27808 17010
3494 27810 16633
3495 27814 9966
3496 27816 1501
3497 27817 8114
3498 27824 21087
3499 27841 11041
3500 27852 23746
3501 27857 7495
3502 27862 5973
3503 27889 32744
3504 27890 15082
3505 27895 31680
3506 27904 22231
3507 27913 3810
3508 27924 16717
3509 27925 3704
3510 27928 24738
3511 27944 13691
3512 27944 28711
3513 27951 33842
3514 27957 15330
3515 27975 2405
3516 27978 10909
3517 27978 32602
3518 27987 14328
3519 27989 9268
3520 27995 33632
3521 28010 4026
3522 28013 32984
3523 28017 1583
3524 28029 20282
3525 28038 23159
3526 28047 27394
3527 28052 8815
3528 28053 11439
3529 28063 14539
3530 28076 5712
3531 28078 28064
3532 28078 33585
3533 28103 20759
3534 28116 26429
3535 28150 29587
3536 28151 25880
3537 28159 32130
3538 28167 8084
3539 28179 13118
3540 28189 17306
3541 28193 13125
3542 28193 32405
3543 28213 15486
3544 28213 15529
3545 28216 17703
3546 28222 10409
3547 28247 6096
3548 28251 922
3549 28268 23358
3550 28268 33089
3551 28277 26674
3552 28285 22782
3553 28286 27047
3554 28297 11087
3555 28299 26459
3556 28301 28730
3557 28331 21206
3558 28333 22342
3559 28335 2459
3560 28339 31574
3561 28342 142
3562 28343 32310
3563 28351 14909
3564 28358 2483
3565 28360 16825
3566 28366 15653
3567 28369 10465
3568 28371 37
3569 28387 27497
3570 28397 5803
3571 28404 26826
3572 28417 1556
3573 28424 3796
3574 28431 4168
3575 28438 25137
3576 28441 7150
3577 28479 3220
3578 28486 3667
3579 28501 9079
3580 28503 3819
3581 28506 10828
3582 28510 8120
3583 28517 34760
3584 28527 21489
3585 28527 22349
3586 28527 22658
3587 28529 21056
3588 28540 18385
3589 28551 18010
3590 28557 22517
3591 28566 21532
3592 28576 19137
3593 28586 18873
3594 28623 34513
3595 28644 17301
3596 28645 14718
3597 28675 16734
3598 28681 34582
3599 28686 17208
3600 28694 2815
3601 28700 25614
3602 28705 2500
3603 28706 15255
3604 28709 8716
3605 28711 14086
3606 28712 2016
3607 28712 10438
3608 28729 12936
3609 28761 1739
3610 28782 26694
3611 28827 26454
3612 28842 24289
3613 28850 5616
3614 28861 27925
3615 28871 4877
3616 28894 26967
3617 28898 27749
3618 28916 16901
3619 28916 17739
3620 28928 27820
3621 28928 32451
3622 28940 6381
3623 28947 1079
3624 28948 19461
3625 28975 7678
3626 28977 27342
3627 28981 8806
3628 28981 17222
3629 28982 16248
3630 28983 15312
3631 28989 23080
3632 29002 2689
3633 29003 25732
3634 29004 21850
3635 29012 16628
3636 29040 14588
3637 29041 14769
3638 29064 21989
3639 29073 30133
3640 29074 20081
3641 29083 29120
3642 29095 9889
3643 29103 31223
3644 29108 28127
3645 29108 31290
3646 29109 22400
3647 29114 25816
3648 29136 9949
3649 29140 27741
3650 29145 8213
3651 29158 32298
3652 29160 30750
3653 29180 8837
3654 29184 26602
3655 29200 18
3656 29216 27277
3657 29219 1640
3658 29220 16153
3659 29233 1081
3660 29234 2703
3661 29234 22267
3662 29242 30763
3663 29244 9535
3664 29245 22076
3665 29252 10081
3666 29253 16567
3667 29259 30501
3668 29261 10725
3669 29270 26868
3670 29300 31599
3671 29314 19962
3672 29317 30721
3673 29344 26176
3674 29349 13564
3675 29358 23482
3676 29394 31521
3677 29397 23331
3678 29399 29908
3679 29402 34727
3680 29408 32243
3681 29409 1497
3682 29426 22098
3683 29432 14214
3684 29434 4478
3685 29436 5094
3686 29438 34177
3687 29445 4888
3688 29447 31910
3689 29451 32297
3690 29476 28832
3691 29499 11927
3692 29528 18296
3693 29545 6955
3694 29565 5071
3695 29567 26758
3696 29573 16963
3697 29576 6585
3698 29580 29437
3699 29588 11769
3700 29606 3521
3701 29615 30997
3702 29619 29949
3703 29634 34324
3704 29647 8563
3705 29647 10280
3706 29648 31697
3707 29653 12354
3708 29655 9275
3709 29666 26480
3710 29682 19974
3711 29692 8166
3712 29694 27155
3713 29713 28592
3714 29715 33182
3715 29729 18536
3716 29730 2632
3717 29738 19092
3718 29757 22119
3719 29763 7728
3720 29765 15841
3721 29778 25610
3722 29785 180
3723 29793 18209
3724 29801 23959
3725 29819 18525
3726 29831 11803
3727 29833 10338
3728 29834 4103
3729 29836 14510
3730 29838 30814
3731 29867 22986
3732 29876 14721
3733 29880 30198
3734 29914 11082
3735 29922 9838
3736 29923 12375
3737 29923 12535
3738 29923 27820
3739 29927 19377
3740 29930 11817
3741 29938 28674
3742 29941 13897
3743 29946 20200
3744 29954 15916
3745 29963 23042
3746 29963 30212
3747 29964 16491
3748 29971 16171
3749 29977 30606
3750 30002 32098
3751 30005 16437
3752 30005 27074
3753 30006 8204
3754 30009 7975
3755 30009 22444
3756 30020 29839
3757 30026 11158
3758 30031 9215
3759 30037 2114
3760 30040 9305
3761 30041 34311
3762 30062 24591
3763 30065 31913
3764 30069 11293
3765 30079 15206
3766 30088 355
3767 30089 12300
3768 30092 2977
3769 30112 10040
3770 30115 14101
3771 30122 12526
3772 30130 18527
3773 30143 4244
3774 30162 15561
3775 30163 32676
3776 30175 15666
3777 30181 34231
3778 30183 5092
3779 30194 15030
3780 30196 24958
3781 30198 4811
3782 30204 2677
3783 30208 33505
3784 30221 19265
3785 30229 25180
3786 30237 13207
3787 30242 3941
3788 30249 4559
3789 30250 21904
3790 30250 28558
3791 30253 10647
3792 30262 26616
3793 30263 5452
3794 30265 12689
3795 30269 13234
3796 30279 33795
3797 30281 20967
3798 30282 25107
3799 30287 13827
3800 30294 15740
3801 30303 17323
3802 30308 22641
3803 30318 33152
3804 30321 22078
3805 30331 4389
3806 30339 7517
3807 30346 14009
3808 30367 10641
3809 30391 15203
3810 30395 18506
3811 30405 23251
3812 30407 4241
3813 30412 15362
3814 30429 32315
3815 30434 26204
3816 30444 22737
3817 30446 8118
3818 30447 3038
3819 30451 44
3820 30459 17029
3821 30475 6662
3822 30492 23993
3823 30524 15177
3824 30550 15697
3825 30555 7559
3826 30555 16181
3827 30563 21481
3828 30651 2795
3829 30651 33130
3830 30660 33408
3831 30671 5143
3832 30672 16084
3833 30672 20516
3834 30675 20029
3835 30680 17385
3836 30697 21730
3837 30699 25653
3838 30700 18757
3839 30701 19979
3840 30703 17938
3841 30706 10953
3842 30760 8171
3843 30768 682
3844 30776 25471
3845 30793 11173
3846 30795 16684
3847 30797 31228
3848 30800 24203
3849 30822 27208
3850 30842 1147
3851 30854 17659
3852 30861 27847
3853 30872 24733
3854 30896 28133
3855 30898 27038
3856 30902 1754
3857 30904 11134
3858 30923 8570
3859 30925 4491
3860 30944 5734
3861 30948 17132
3862 30950 2404
3863 30955 22700
3864 30985 27487
3865 31064 33679
3866 31076 4260
3867 31096 29483
3868 31124 4533
3869 31125 2751
3870 31128 16041
3871 31158 8971
3872 31161 26179
3873 31167 7024
3874 31170 454
3875 31173 18124
3876 31175 4638
3877 31176 24860
3878 31182 29227
3879 31186 18033
3880 31186 24624
3881 31188 5233
3882 31197 15711
3883 31203 3491
3884 31209 15773
3885 31216 106
3886 31249 28590
3887 31255 21785
3888 31267 14714
3889 31275 27705
3890 31282 17774
3891 31283 20137
3892 31283 32834
3893 31284 30580
3894 31294 27773
3895 31299 14899
3896 31319 32441
3897 31322 4927
3898 31330 24366
3899 31341 31290
3900 31342 9352
3901 31343 29139
3902 31348 20426
3903 31403 19721
3904 31419 30970
3905 31428 23926
3906 31439 26839
3907 31444 1945
3908 31446 30221
3909 31447 13977
3910 31457 2407
3911 31510 27570
3912 31519 9330
3913 31526 9138
3914 31559 6369
3915 31559 6845
3916 31571 10573
3917 31582 74
3918 31591 16444
3919 31597 25097
3920 31598 28874
3921 31601 34734
3922 31602 23443
3923 31610 3342
3924 31611 18482
3925 31620 19175
3926 31629 32610
3927 31631 7813
3928 31638 28941
3929 31659 31948
3930 31662 23313
3931 31666 27320
3932 31669 16699
3933 31682 34184
3934 31683 2119
3935 31685 21626
3936 31687 9551
3937 31699 18556
3938 31703 13372
3939 31706 10542
3940 31709 16090
3941 31720 11574
3942 31742 9385
3943 31755 26282
3944 31755 29857
3945 31758 19438
3946 31765 9983
3947 31783 2682
3948 31795 18561
3949 31797 21298
3950 31799 16114
3951 31804 25982
3952 31805 22458
3953 31808 13146
3954 31811 2732
3955 31821 14529
3956 31823 12433
3957 31852 23105
3958 31854 14620
3959 31872 33809
3960 31881 23521
3961 31889 26638
3962 31891 22224
3963 31895 10156
3964 31907 29083
3965 31911 16220
3966 31916 25289
3967 31924 22626
3968 31927 23939
3969 31927 27016
3970 31932 28934
3971 31934 3912
3972 31942 13548
3973 31947 22049
3974 31949 34134
3975 31958 28775
3976 31990 26463
3977 31994 25432
3978 32002 23538
3979 32016 18428
3980 32018 1372
3981 32032 7818
3982 32038 20567
3983 32052 1095
3984 32070 9154
3985 32072 7025
3986 32082 20678
3987 32095 2419
3988 32097 5191
3989 32098 6037
3990 32131 20040
3991 32160 9814
3992 32167 18025
3993 32170 5645
3994 32174 21484
3995 32201 34223
3996 32204 620
3997 32210 18013
3998 32239 3979
3999 32243 25442
4000 32268 22738
4001 32292 15460
4002 32293 27723
4003 32295 7295
4004 32298 3765
4005 32306 3339
4006 32306 11658
4007 32312 20950
4008 32346 11407
4009 32350 12857
4010 32351 10424
4011 32352 17844
4012 32352 31488
4013 32354 32506
4014 32367 10634
4015 32374 33101
4016 32381 3509
4017 32385 7665
4018 32388 20750
4019 32393 3244
4020 32414 9520
4021 32421 18345
4022 32438 8921
4023 32441 33225
4024 32450 14554
4025 32475 9453
4026 32477 20935
4027 32484 25716
4028 32502 22
4029 32502 17036
4030 32504 2891
4031 32507 10280
4032 32514 13909
4033 32524 17819
4034 32533 12584
4035 32549 14845
4036 32553 29872
4037 32563 21439
4038 32567 4826
4039 32569 24863
4040 32570 1085
4041 32596 4669
4042 32598 33584
4043 32606 19717
4044 32618 23005
4045 32619 15757
4046 32620 33122
4047 32633 34169
4048 32637 12037
4049 32637 12612
4050 32640 2756
4051 32642 8377
4052 32642 28877
4053 32652 8097
4054 32677 3706
4055 32687 19651
4056 32703 8879
4057 32704 20657
4058 32714 16237
4059 32719 17836
4060 32723 30782
4061 32742 17051
4062 32757 12072
4063 32758 17187
4064 32783 34772
4065 32787 5885
4066 32789 17642
4067 32792 30377
4068 32792 31475
4069 32806 3357
4070 32809 686
4071 32809 16278
4072 32818 23702
4073 32819 13351
4074 32834 4665
4075 32839 1872
4076 32850 13315
4077 32860 8474
4078 32868 13816
4079 32889 952
4080 32889 8675
4081 32893 29203
4082 32898 19207
4083 32899 9785
4084 32900 18109
4085 32913 10655
4086 32921 32140
4087 32924 6069
4088 32930 15669
4089 32937 7540
4090 32947 28735
4091 32953 21216
4092 32967 31071
4093 32970 5305
4094 32970 5914
4095 33006 6173
4096 33006 14454
4097 33016 29556
4098 33027 601
4099 33045 12088
4100 33056 9233
4101 33058 20660
4102 33058 25257
4103 33063 5681
4104 33063 20281
4105 33064 28752
4106 33070 30439
4107 33075 17951
4108 33085 16770
4109 33091 2902
4110 33111 9899
4111 33112 4340
4112 33135 24435
4113 33137 606
4114 33138 22847
4115 33148 14406
4116 33160 8134
4117 33167 23065
4118 33179 12174
4119 33183 14459
4120 33189 26338
4121 33199 2200
4122 33205 31329
4123 33213 1407
4124 33231 3557
4125 33250 34199
4126 33260 1453
4127 33264 2819
4128 33266 1233
4129 33274 31716
4130 33276 21162
4131 33297 21895
4132 33299 26927
4133 33303 24817
4134 33306 22325
4135 33315 14680
4136 33326 15843
4137 33337 11300
4138 33343 33424
4139 33357 6193
4140 33360 21611
4141 33363 11497
4142 33365 5316
4143 33368 19659
4144 33384 11333
4145 33398 26331
4146 33414 31457
4147 33415 27890
4148 33420 19125
4149 33423 30417
4150 33424 7618
4151 33443 21384
4152 33445 25428
4153 33450 30675
4154 33453 22406
4155 33459 15008
4156 33470 31671
4157 33482 13624
4158 33484 6398
4159 33501 137
4160 33503 7794
4161 33505 20821
4162 33506 14166
4163 33530 18718
4164 33530 21827
4165 33533 2688
4166 33533 9690
4167 33533 12017
4168 33535 28146
4169 33545 7791
4170 33549 13344
4171 33565 14781
4172 33569 1757
4173 33571 8119
4174 33590 12562
4175 33606 33432
4176 33615 7845
4177 33618 33991
4178 33623 10636
4179 33626 19503
4180 33643 22705
4181 33645 26449
4182 33653 11481
4183 33660 21697
4184 33672 13933
4185 33674 30941
4186 33687 16523
4187 33691 18066
4188 33698 8688
4189 33713 21345
4190 33714 5784
4191 33720 32254
4192 33724 13010
4193 33748 24672
4194 33755 13601
4195 33765 8904
4196 33767 20524
4197 33774 13593
4198 33780 8850
4199 33785 2215
4200 33792 8913
4201 33805 29292
4202 33812 312
4203 33812 31656
4204 33812 33398
4205 33827 28401
4206 33829 10709
4207 33853 11636
4208 33860 31594
4209 33863 8644
4210 33881 21335
4211 33913 16310
4212 33932 9709
4213 33933 9362
4214 33933 21357
4215 33947 12172
4216 33948 25324
4217 33949 23497
4218 33975 20187
4219 33981 9042
4220 34002 16093
4221 34009 10174
4222 34012 6050
4223 34024 20874
4224 34025 12208
4225 34031 29787
4226 34042 33449
4227 34050 25738
4228 34073 19848
4229 34074 23568
4230 34077 841
4231 34079 21636
4232 34086 26823
4233 34096 24903
4234 34096 28743
4235 34103 7721
4236 34108 9889
4237 34115 29122
4238 34119 27238
4239 34124 14547
4240 34136 12688
4241 34149 9870
4242 34160 29948
4243 34165 33615
4244 34166 5554
4245 34166 20549
4246 34169 588
4247 34169 3233
4248 34170 22005
4249 34172 28718
4250 34182 32034
4251 34183 7247
4252 34185 11742
4253 34186 2652
4254 34188 29688
4255 34214 23379
4256 34214 31832
4257 34234 21327
4258 34234 29218
4259 34242 25983
4260 34253 967
4261 34275 31938
4262 34277 34043
4263 34314 805
4264 34314 19639
4265 34362 22393
4266 34363 33533
4267 34369 30673
4268 34373 6943
4269 34375 10243
4270 34375 28193
4271 34384 18193
4272 34389 2693
4273 34390 29327
4274 34398 34411
4275 34403 30476
4276 34404 13345
4277 34410 18201
4278 34421 24571
4279 34424 27146
4280 34433 21358
4281 34440 27238
4282 34441 450
4283 34444 13947
4284 34450 9113
4285 34455 28352
4286 34467 25668
4287 34478 4539
4288 34480 23821
4289 34500 18724
4290 34508 9741
4291 34510 7479
4292 34521 25850
4293 34533 32683
4294 34562 3102
4295 34571 23059
4296 34579 589
4297 34599 25719
4298 34621 9387
4299 34630 32234
4300 34661 17044
4301 34674 1290
4302 34684 19498
4303 34685 16832
4304 34686 1035
4305 34692 16032
4306 34703 20456
4307 34706 10190
4308 34708 5199
4309 34717 4659
4310 34720 26357
4311 34738 9852
4312 34739 16297
4313 34745 856
4314 34745 27785
4315 34765 34202
4316 34796 10137