0 531 3711
1 1 1270
2 4 3647
3 12 2189
4 29 1156
5 33 751
6 37 2112
7 48 1842
8 52 723
9 52 1205
10 57 1340
11 64 2563
12 64 2690
13 89 3357
14 119 517
15 125 795
16 134 3560
17 136 2176
18 148 208
19 174 2882
20 178 3303
21 189 2554
22 197 1627
23 204 1875
24 207 116
25 216 1651
26 216 2208
27 219 400
28 221 443
29 221 482
30 221 3414
31 225 2260
32 230 3616
33 236 518
34 237 312
35 242 619
36 253 1404
37 253 3180
38 255 135
39 281 2565
40 282 2915
41 287 1348
42 296 88
43 313 2013
44 314 2739
45 317 579
46 320 2873
47 326 604
48 333 3700
49 335 3146
50 349 954
51 354 3668
52 362 2237
53 365 3369
54 371 2130
55 382 1261
56 385 1057
57 386 2341
58 402 3085
59 408 940
60 409 2346
61 410 636
62 413 2281
63 420 421
64 425 2634
65 430 2756
66 431 358
67 432 2081
68 443 3243
69 455 733
70 471 1729
71 493 1881
72 495 1204
73 496 3671
74 498 3704
75 502 1871
76 510 3149
77 525 970
78 534 1568
79 536 3417
80 537 953
81 542 314
82 554 212
83 556 575
84 564 475
85 565 2595
86 573 282
87 580 2977
88 585 1865
89 596 2398
90 604 729
91 606 1845
92 606 3212
93 609 1004
94 612 1928
95 617 1892
96 618 1162
97 640 914
98 642 3001
99 644 2279
100 645 2973
101 647 751
102 651 2660
103 651 2999
104 656 639
105 659 3675
106 661 1572
107 662 1715
108 677 1272
109 684 2700
110 687 416
111 697 2031
112 706 2140
113 766 2523
114 767 485
115 775 423
116 787 2553
117 795 3362
118 796 1943
119 796 2417
120 805 3096
121 808 391
122 813 1946
123 815 1891
124 817 3503
125 848 2584
126 853 2115
127 855 1674
128 863 2675
129 865 1291
130 865 3390
131 871 1147
132 888 456
133 889 2277
134 890 86
135 897 3458
136 899 2841
137 900 1897
138 903 700
139 914 2671
140 926 3316
141 928 559
142 941 1477
143 959 1640
144 959 2680
145 959 2995
146 965 2872
147 967 1791
148 975 1063
149 978 2687
150 980 154
151 989 1252
152 990 2647
153 992 2242
154 1005 1415
155 1010 155
156 1011 2283
157 1032 1462
158 1042 3691
159 1045 464
160 1045 3375
161 1047 1999
162 1049 718
163 1050 1092
164 1073 2441
165 1080 1233
166 1092 2818
167 1093 2194
168 1095 2333
169 1119 2024
170 1120 904
171 1124 3136
172 1125 1728
173 1138 521
174 1138 1032
175 1144 3422
176 1146 1260
177 1146 1367
178 1167 701
179 1169 830
180 1170 3255
181 1171 1888
182 1185 20
183 1197 1665
184 1201 2040
185 1209 1569
186 1224 832
187 1224 1810
188 1225 3580
189 1239 554
190 1240 261
191 1242 807
192 1249 15
193 1252 373
194 1255 824
195 1262 2577
196 1263 1087
197 1278 2801
198 1280 2694
199 1295 2166
200 1310 1886
201 1315 1684
202 1322 406
203 1333 2353
204 1342 1711
205 1344 1488
206 1364 1968
207 1369 2858
208 1381 1619
209 1386 3285
210 1390 1724
211 1403 1348
212 1418 2610
213 1423 1590
214 1426 1899
215 1429 3280
216 1435 1684
217 1448 1082
218 1469 137
219 1477 2184
220 1478 61
221 1482 1384
222 1490 3436
223 1500 2982
224 1501 1050
225 1528 2994
226 1553 3506
227 1565 144
228 1566 2034
229 1570 1682
230 1574 3097
231 1578 1552
232 1582 2256
233 1595 779
234 1597 3320
235 1599 1321
236 1637 757
237 1638 2960
238 1639 2375
239 1659 912
240 1667 2007
241 1684 1770
242 1686 3449
243 1694 83
244 1694 3402
245 1709 554
246 1711 1093
247 1722 2556
248 1743 1608
249 1746 948
250 1748 1636
251 1754 3088
252 1759 3247
253 1764 2213
254 1767 607
255 1772 2588
256 1773 1828
257 1778 456
258 1779 1305
259 1784 232
260 1786 2115
261 1788 1969
262 1794 249
263 1794 2508
264 1798 746
265 1816 124
266 1819 513
267 1842 2588
268 1849 3418
269 1855 84
270 1856 418
271 1865 1865
272 1869 519
273 1883 3058
274 1885 1017
275 1901 2743
276 1903 1324
277 1905 1038
278 1911 977
279 1919 3279
280 1941 3214
281 1944 3703
282 1946 1807
283 1947 555
284 1959 3240
285 1965 222
286 1967 88
287 1984 630
288 1985 2206
289 2009 2264
290 2012 2928
291 2018 3135
292 2027 1761
293 2037 1300
294 2037 2974
295 2038 3523
296 2049 2040
297 2075 2722
298 2077 3291
299 2094 401
300 2106 2688
301 2116 2462
302 2139 2713
303 2139 2965
304 2141 325
305 2146 1657
306 2153 2804
307 2162 1339
308 2166 3139
309 2172 2021
310 2178 3122
311 2182 1882
312 2194 1250
313 2221 1272
314 2233 2324
315 2242 1446
316 2245 1826
317 2255 1132
318 2269 969
319 2269 2444
320 2271 1378
321 2272 1
322 2273 2397
323 2274 2716
324 2278 945
325 2279 1473
326 2300 1517
327 2300 2085
328 2301 714
329 2309 3180
330 2311 1860
331 2317 325
332 2319 3013
333 2320 1510
334 2323 194
335 2324 2770
336 2329 1514
337 2334 2331
338 2349 2124
339 2357 3638
340 2361 269
341 2362 1145
342 2378 3600
343 2383 1867
344 2395 657
345 2402 406
346 2409 540
347 2411 1570
348 2413 742
349 2414 422
350 2416 1338
351 2450 1780
352 2451 1179
353 2453 1915
354 2458 805
355 2459 2406
356 2468 204
357 2472 1296
358 2477 1351
359 2479 105
360 2484 581
361 2507 784
362 2510 177
363 2528 2005
364 2532 315
365 2538 52
366 2556 1071
367 2558 95
368 2563 3349
369 2567 1235
370 2570 951
371 2571 2839
372 2572 2295
373 2581 848
374 2581 1867
375 2582 2405
376 2582 2613
377 2597 2207
378 2602 2264
379 2611 236
380 2615 1171
381 2631 744
382 2633 3590
383 2652 804
384 2653 1523
385 2654 2954
386 2664 2429
387 2680 3521
388 2684 3710
389 2695 95
390 2697 1475
391 2724 257
392 2746 2785
393 2750 3060
394 2762 36
395 2763 411
396 2765 2342
397 2773 1597
398 2781 501
399 2790 850
400 2797 619
401 2815 2202
402 2822 602
403 2828 459
404 2828 2089
405 2840 521
406 2850 834
407 2853 818
408 2858 200
409 2863 1012
410 2868 1681
411 2879 3441
412 2886 1009
413 2887 2577
414 2894 2169
415 2907 127
416 2909 1186
417 2922 2623
418 2931 1239
419 2956 1968
420 2967 2586
421 2970 612
422 2974 1095
423 2995 267
424 2997 361
425 2997 2739
426 3007 207
427 3016 529
428 3030 2828
429 3035 585
430 3045 2608
431 3051 2859
432 3052 831
433 3064 2460
434 3068 1828
435 3096 3179
436 3118 896
437 3120 2041
438 3127 1758
439 3136 1002
440 3142 2556
441 3148 2299
442 3151 2719
443 3153 3412
444 3166 1936
445 3180 196
446 3187 2753
447 3191 1184
448 3199 2942
449 3200 77
450 3200 364
451 3212 2940
452 3215 1568
453 3219 3613
454 3229 3576
455 3235 504
456 3235 2461
457 3237 2673
458 3242 441
459 3245 39
460 3245 768
461 3247 182
462 3251 3169
463 3258 1870
464 3261 3195
465 3272 3159
466 3274 3336
467 3277 2593
468 3279 2772
469 3281 917
470 3291 597
471 3291 3295
472 3293 2749
473 3301 643
474 3307 804
475 3318 1700
476 3328 1486
477 3329 1454
478 3331 702
479 3340 189
480 3341 2366
481 3342 3257
482 3353 878
483 3354 1359
484 3355 190
485 3355 2537
486 3383 3366
487 3390 135
488 3396 74
489 3399 1734
490 3407 2814
491 3431 133
492 3433 3411
493 3458 3621
494 3472 1992
495 3474 3436
496 3487 269
497 3491 2529
498 3494 2408
499 3515 6
500 3524 2863
501 3532 3603
502 3535 366
503 3538 2354
504 3547 531
505 3548 2119
506 3555 65
507 3558 3149
508 3559 1938
509 3562 2502
510 3583 1297
511 3583 1611
512 3584 2251
513 3585 630
514 3598 3401
515 3603 769
516 3613 2743
517 3619 1681
518 3631 1413
519 3633 201
520 3634 624
521 3634 911
522 3642 1073
523 3643 2982
524 3644 1546
525 3649 1722
526 3651 939
527 3663 2434
528 3678 2134
529 3690 3034
530 3696 3620
531 3709 2783