0 65 395
1 5 310
2 11 165
3 12 27
4 22 16
5 24 234
6 38 316
7 42 123
8 42 334
9 46 115
10 51 317
11 68 11
12 88 254
13 89 11
14 99 8
15 108 307
16 112 72
17 128 394
18 132 247
19 135 259
20 142 246
21 142 381
22 148 226
23 152 112
24 152 357
25 155 376
26 162 84
27 168 300
28 188 202
29 190 180
30 193 176
31 195 217
32 207 297
33 219 253
34 220 184
35 223 29
36 223 265
37 226 250
38 228 28
39 228 330
40 232 66
41 236 111
42 236 216
43 260 266
44 272 40
45 275 336
46 281 147
47 292 175
48 299 33
49 301 122
50 302 104
51 312 110
52 317 14
53 319 270
54 320 289
55 323 375
56 324 78
57 326 153
58 334 96
59 354 39
60 354 162
61 360 209
62 377 277
63 382 224
64 390 103
65 390 146