0 3044 23969
1 11 13782
2 13 17276
3 15 4246
4 18 15918
5 19 12079
6 32 2693
7 33 7020
8 47 4762
9 50 10037
10 61 18632
11 61 22809
12 63 16561
13 65 2207
14 78 12176
15 81 14927
16 83 8479
17 92 2230
18 94 18752
19 96 19328
20 97 4588
21 97 14297
22 98 15875
23 110 21264
24 116 20793
25 121 20356
26 128 12125
27 142 3450
28 148 16552
29 149 14272
30 151 17918
31 156 4683
32 164 9278
33 164 17789
34 166 2193
35 180 233
36 186 1284
37 201 19364
38 212 16289
39 217 16535
40 240 18291
41 272 3728
42 276 3639
43 281 4839
44 281 22732
45 294 9704
46 303 3067
47 306 14999
48 311 22154
49 316 12800
50 318 22276
51 322 12858
52 328 18380
53 378 6581
54 397 20527
55 410 12916
56 423 13079
57 429 20835
58 442 19975
59 462 20255
60 468 21992
61 480 10615
62 484 12956
63 486 15038
64 495 13659
65 532 6807
66 532 16610
67 536 1070
68 540 16649
69 540 21039
70 557 9262
71 561 3660
72 564 21428
73 573 3267
74 574 12647
75 580 11221
76 594 1602
77 602 10647
78 611 12911
79 622 18826
80 636 19944
81 653 22794
82 663 406
83 667 5671
84 680 16777
85 685 4574
86 686 22727
87 689 22264
88 706 23296
89 712 4732
90 720 11776
91 722 5324
92 727 3254
93 730 15016
94 732 22416
95 745 4101
96 749 4045
97 755 3971
98 767 14413
99 781 11548
100 785 14539
101 795 2608
102 806 6719
103 819 5933
104 826 2128
105 833 6002
106 853 15435
107 857 5991
108 857 7324
109 867 6250
110 874 5743
111 887 16188
112 895 13700
113 903 131
114 910 20306
115 914 7662
116 929 7670
117 930 15714
118 931 7798
119 935 20193
120 965 6875
121 967 18949
122 982 15469
123 983 23933
124 986 17040
125 988 6232
126 993 10350
127 993 19763
128 1001 14404
129 1001 19464
130 1004 2461
131 1005 4476
132 1011 4528
133 1014 4165
134 1015 5716
135 1021 23515
136 1023 11364
137 1029 5427
138 1029 15094
139 1032 15376
140 1036 18912
141 1045 11353
142 1049 6557
143 1050 13183
144 1055 19590
145 1056 8511
146 1061 21229
147 1062 11747
148 1076 6912
149 1080 9419
150 1089 14232
151 1093 7059
152 1093 21429
153 1095 18733
154 1114 5836
155 1115 15199
156 1146 1406
157 1157 17411
158 1165 21079
159 1174 7078
160 1175 18117
161 1182 4914
162 1195 12260
163 1201 1427
164 1209 14667
165 1212 6651
166 1214 13267
167 1220 8297
168 1220 16317
169 1230 4233
170 1235 12963
171 1236 9840
172 1254 13212
173 1259 11009
174 1265 10037
175 1268 2267
176 1271 20523
177 1271 23353
178 1301 10557
179 1305 17703
180 1317 22350
181 1321 19357
182 1333 10123
183 1338 17713
184 1352 16636
185 1361 5225
186 1376 19937
187 1411 14600
188 1416 6418
189 1421 8936
190 1436 11480
191 1455 13065
192 1460 12312
193 1462 12774
194 1470 585
195 1476 22866
196 1480 15194
197 1516 21941
198 1523 14188
199 1524 23294
200 1524 23476
201 1537 4378
202 1561 13862
203 1579 12303
204 1598 12756
205 1618 15567
206 1632 7040
207 1636 15355
208 1647 6989
209 1650 11200
210 1660 13852
211 1670 23458
212 1678 6567
213 1683 6402
214 1695 11287
215 1697 2346
216 1700 7516
217 1703 7787
218 1708 1579
219 1716 22103
220 1719 5003
221 1723 19673
222 1731 2956
223 1746 3544
224 1758 12909
225 1764 14110
226 1773 3116
227 1781 10734
228 1784 3141
229 1787 23427
230 1796 2193
231 1798 6438
232 1803 7918
233 1809 12708
234 1812 18895
235 1814 9558
236 1834 17372
237 1839 3127
238 1840 4274
239 1847 21376
240 1855 4419
241 1876 8360
242 1881 17055
243 1887 20846
244 1893 10613
245 1894 1224
246 1894 21172
247 1901 2633
248 1925 8759
249 1932 13170
250 1953 10358
251 1959 12071
252 1970 8734
253 1979 9901
254 1980 722
255 1997 8618
256 2007 19076
257 2015 19509
258 2015 23007
259 2023 1385
260 2030 3293
261 2030 22963
262 2031 6068
263 2045 4040
264 2045 21363
265 2051 2787
266 2052 21745
267 2061 13820
268 2061 19377
269 2083 22544
270 2085 11771
271 2103 9108
272 2127 23725
273 2136 10027
274 2143 20028
275 2149 12161
276 2190 21699
277 2191 16558
278 2204 23008
279 2223 16016
280 2224 15592
281 2232 6642
282 2237 326
283 2245 23463
284 2277 3512
285 2277 13535
286 2294 19293
287 2298 22290
288 2301 3378
289 2307 7341
290 2312 1052
291 2316 1834
292 2330 17592
293 2337 12190
294 2340 19278
295 2397 15224
296 2400 16111
297 2404 1078
298 2411 1205
299 2416 18312
300 2422 15639
301 2427 1591
302 2427 14900
303 2429 15708
304 2433 16454
305 2439 1646
306 2443 14774
307 2445 2398
308 2461 6695
309 2480 6782
310 2499 9644
311 2510 21881
312 2513 2377
313 2515 6761
314 2520 9038
315 2521 3948
316 2527 5141
317 2535 10747
318 2541 11730
319 2543 20300
320 2545 21022
321 2550 11938
322 2556 941
323 2563 6494
324 2564 6547
325 2567 16091
326 2609 4799
327 2612 2471
328 2631 15992
329 2669 15301
330 2671 8030
331 2689 7419
332 2692 3490
333 2728 11627
334 2732 7932
335 2740 4468
336 2750 3746
337 2753 14515
338 2755 17292
339 2756 22074
340 2757 18251
341 2759 18955
342 2775 3030
343 2778 6097
344 2797 17770
345 2804 23261
346 2810 16221
347 2823 22193
348 2838 1299
349 2842 17765
350 2843 1052
351 2852 17594
352 2864 6782
353 2869 5080
354 2882 12848
355 2886 3457
356 2886 4561
357 2887 4418
358 2912 16041
359 2918 3244
360 2923 3150
361 2935 18833
362 2937 13982
363 2944 1006
364 2944 6995
365 2951 5837
366 2972 1611
367 2976 23050
368 2988 1918
369 2991 16913
370 3014 14615
371 3019 19058
372 3028 1521
373 3032 4605
374 3034 5738
375 3034 7180
376 3044 15659
377 3048 13680
378 3050 1679
379 3054 16075
380 3067 17547
381 3072 11534
382 3074 4871
383 3078 17346
384 3089 22752
385 3090 7745
386 3106 11533
387 3106 21591
388 3114 8830
389 3115 10654
390 3116 13984
391 3126 5783
392 3128 5032
393 3139 19453
394 3149 23927
395 3157 6725
396 3174 4739
397 3181 141
398 3188 202
399 3193 8090
400 3219 22544
401 3228 22138
402 3231 7956
403 3235 7799
404 3237 17368
405 3241 12884
406 3244 9991
407 3249 12706
408 3279 5460
409 3291 3567
410 3298 4229
411 3303 8738
412 3307 10151
413 3323 17389
414 3333 15269
415 3350 17605
416 3363 704
417 3366 9333
418 3371 10968
419 3374 2143
420 3381 12909
421 3390 3782
422 3404 16433
423 3411 2079
424 3413 13096
425 3430 13760
426 3434 5289
427 3455 6084
428 3471 6493
429 3475 8536
430 3480 2388
431 3511 2360
432 3511 17629
433 3514 22931
434 3519 14958
435 3520 13698
436 3522 2386
437 3534 22454
438 3537 4261
439 3546 1090
440 3547 23350
441 3554 19112
442 3555 11553
443 3555 22749
444 3589 19255
445 3600 21956
446 3603 8155
447 3604 3172
448 3606 23783
449 3608 14189
450 3620 9346
451 3626 14197
452 3635 22560
453 3639 22117
454 3642 18071
455 3645 4488
456 3648 2409
457 3671 5677
458 3689 11118
459 3693 2091
460 3715 17004
461 3732 13078
462 3737 13204
463 3747 22043
464 3753 3754
465 3759 20766
466 3765 9875
467 3765 17262
468 3766 2468
469 3769 15633
470 3770 8451
471 3770 10257
472 3771 3618
473 3783 4095
474 3784 8702
475 3808 15498
476 3810 7159
477 3813 16177
478 3816 8406
479 3820 3912
480 3825 6531
481 3829 23252
482 3836 21463
483 3838 17506
484 3840 10911
485 3840 11188
486 3849 267
487 3851 18727
488 3857 21016
489 3865 2785
490 3870 14096
491 3874 6317
492 3887 15419
493 3897 16431
494 3905 8565
495 3910 15019
496 3919 12805
497 3925 14867
498 3928 3209
499 3934 6785
500 3941 2816
501 3945 15304
502 3961 5320
503 3967 15684
504 3969 7238
505 3989 19745
506 3998 5157
507 4005 6532
508 4008 2679
509 4008 7576
510 4016 17260
511 4022 4193
512 4038 18128
513 4040 22662
514 4048 1528
515 4060 13306
516 4073 9370
517 4077 4196
518 4082 15843
519 4098 8490
520 4108 3461
521 4115 8016
522 4117 16966
523 4144 8550
524 4157 6306
525 4169 22518
526 4190 3169
527 4190 13376
528 4191 10200
529 4207 962
530 4209 8268
531 4259 10510
532 4277 21410
533 4295 10241
534 4297 9527
535 4305 13225
536 4311 16526
537 4316 16419
538 4329 7125
539 4329 10207
540 4334 8454
541 4334 14541
542 4339 13737
543 4348 13075
544 4352 20793
545 4354 20176
546 4355 11697
547 4367 13126
548 4371 336
549 4378 2802
550 4378 15979
551 4379 1645
552 4390 1484
553 4391 11382
554 4394 5495
555 4403 17181
556 4412 16107
557 4414 22652
558 4460 15322
559 4473 21233
560 4478 1091
561 4479 9011
562 4482 7838
563 4483 10422
564 4504 23591
565 4509 16780
566 4509 21300
567 4513 16722
568 4516 11532
569 4517 8095
570 4522 8610
571 4528 14819
572 4536 12141
573 4542 7424
574 4554 6269
575 4558 21776
576 4569 2183
577 4576 9144
578 4609 18527
579 4609 21706
580 4631 4994
581 4638 12151
582 4646 14097
583 4650 21655
584 4653 5135
585 4666 2732
586 4668 610
587 4670 5431
588 4672 8018
589 4673 21734
590 4706 7951
591 4707 10731
592 4714 150
593 4716 13722
594 4722 2941
595 4729 10113
596 4732 22217
597 4733 7721
598 4737 6449
599 4751 14314
600 4753 19353
601 4758 11794
602 4761 2929
603 4779 21099
604 4780 7728
605 4782 5426
606 4783 6059
607 4784 18351
608 4786 17387
609 4810 19025
610 4812 6810
611 4822 210
612 4830 15324
613 4845 7563
614 4852 11448
615 4870 839
616 4875 17458
617 4879 1316
618 4888 3917
619 4888 13618
620 4894 17856
621 4899 7235
622 4901 5922
623 4913 4228
624 4920 10257
625 4968 2570
626 4969 9404
627 4975 11295
628 5021 2434
629 5029 6490
630 5029 15144
631 5032 23670
632 5038 23690
633 5058 10824
634 5069 4475
635 5089 4950
636 5092 18247
637 5114 5762
638 5118 21669
639 5122 21551
640 5131 20954
641 5133 17680
642 5137 3335
643 5140 22135
644 5141 23227
645 5145 19544
646 5147 6047
647 5159 7027
648 5163 6404
649 5166 4780
650 5167 13863
651 5170 12769
652 5175 7022
653 5178 5840
654 5179 21562
655 5201 12163
656 5202 8031
657 5216 6126
658 5234 7149
659 5240 9429
660 5244 16145
661 5244 22225
662 5253 461
663 5256 2687
664 5258 5035
665 5268 21257
666 5271 19953
667 5292 6118
668 5295 19028
669 5297 2252
670 5298 20363
671 5307 9040
672 5308 19790
673 5309 18305
674 5310 14015
675 5311 12217
676 5316 10004
677 5326 21419
678 5336 5101
679 5339 7761
680 5347 15290
681 5347 20382
682 5367 14033
683 5373 16065
684 5389 17419
685 5391 10457
686 5397 5206
687 5420 6882
688 5423 10164
689 5425 10001
690 5434 20607
691 5453 1131
692 5459 13436
693 5494 16126
694 5495 15979
695 5499 23941
696 5536 23830
697 5539 16947
698 5541 3984
699 5558 11606
700 5567 15811
701 5578 1914
702 5601 20523
703 5613 343
704 5621 12215
705 5624 10574
706 5642 7723
707 5644 326
708 5646 20488
709 5657 9574
710 5660 10867
711 5660 21466
712 5663 12453
713 5663 17077
714 5687 3918
715 5693 21956
716 5695 20781
717 5697 14172
718 5702 17490
719 5706 2208
720 5713 20462
721 5724 15350
722 5728 4799
723 5753 9879
724 5767 17335
725 5788 3880
726 5791 8376
727 5791 19124
728 5794 22425
729 5797 2925
730 5799 14437
731 5807 11441
732 5829 11424
733 5833 12586
734 5833 20008
735 5833 21355
736 5836 10647
737 5839 22545
738 5843 2235
739 5853 10203
740 5853 17869
741 5855 11136
742 5855 20165
743 5865 16065
744 5888 7477
745 5899 22177
746 5906 20342
747 5933 18007
748 5947 2703
749 5951 3649
750 5952 12771
751 5959 7127
752 5967 10687
753 5968 22702
754 5972 7793
755 5981 1451
756 5995 16201
757 5996 15988
758 6001 5880
759 6007 6640
760 6012 559
761 6013 20050
762 6026 13397
763 6032 14024
764 6032 14139
765 6034 14954
766 6035 9167
767 6038 21821
768 6051 10009
769 6068 508
770 6079 1444
771 6082 19505
772 6083 1663
773 6087 11422
774 6090 8744
775 6093 23616
776 6094 1741
777 6101 13071
778 6104 5504
779 6116 8557
780 6125 23868
781 6146 9495
782 6151 10748
783 6175 22067
784 6177 4017
785 6185 11070
786 6187 1608
787 6203 11575
788 6219 21788
789 6231 15302
790 6260 18911
791 6264 5760
792 6264 10349
793 6273 1823
794 6275 17215
795 6276 6515
796 6277 12903
797 6285 16459
798 6302 16402
799 6306 8323
800 6307 1037
801 6316 3294
802 6318 11684
803 6333 18534
804 6333 19761
805 6336 7609
806 6364 21767
807 6382 433
808 6397 3619
809 6403 6911
810 6404 5091
811 6407 11884
812 6409 15345
813 6419 4204
814 6423 54
815 6428 1005
816 6439 18028
817 6443 6724
818 6473 20287
819 6474 1162
820 6475 11597
821 6481 4740
822 6492 19999
823 6497 17628
824 6523 5817
825 6524 22085
826 6528 11133
827 6553 23959
828 6554 21579
829 6571 10691
830 6572 11852
831 6573 18086
832 6580 15489
833 6592 15261
834 6601 22232
835 6604 11380
836 6607 17232
837 6612 4873
838 6615 1667
839 6618 22933
840 6623 8246
841 6626 16525
842 6628 17948
843 6638 15414
844 6648 17194
845 6657 18312
846 6672 12253
847 6672 16852
848 6683 11638
849 6702 5856
850 6710 22398
851 6722 21121
852 6730 17182
853 6733 9295
854 6736 9501
855 6740 19450
856 6754 7207
857 6760 589
858 6760 16159
859 6774 16235
860 6776 12996
861 6790 8005
862 6794 3255
863 6810 10506
864 6814 7838
865 6831 14306
866 6834 9308
867 6849 7991
868 6881 14553
869 6886 10875
870 6890 14815
871 6891 9894
872 6912 14291
873 6916 2131
874 6920 20449
875 6934 19495
876 6939 14934
877 6939 16774
878 6942 1324
879 6951 17937
880 6966 3303
881 6970 21311
882 6979 7428
883 6995 16755
884 7003 14674
885 7007 2688
886 7016 9242
887 7016 9486
888 7045 13244
889 7050 17476
890 7058 15971
891 7060 21809
892 7065 15309
893 7065 17772
894 7066 9134
895 7070 17795
896 7074 5707
897 7087 20087
898 7088 11032
899 7116 15303
900 7118 15753
901 7120 22075
902 7120 23669
903 7122 18692
904 7125 3123
905 7125 7593
906 7130 11032
907 7132 18305
908 7135 10725
909 7138 2157
910 7145 9661
911 7151 16138
912 7153 11466
913 7153 19544
914 7162 22415
915 7167 2641
916 7182 9082
917 7183 11992
918 7188 16201
919 7209 19911
920 7237 17486
921 7242 14123
922 7246 11232
923 7250 2195
924 7251 21496
925 7258 19081
926 7261 8742
927 7264 22334
928 7271 16748
929 7289 17361
930 7303 17543
931 7318 17604
932 7323 20339
933 7342 14791
934 7343 6829
935 7350 17820
936 7352 22048
937 7365 18290
938 7367 2791
939 7368 17620
940 7385 10371
941 7391 16247
942 7400 17012
943 7400 22611
944 7406 22559
945 7407 4254
946 7411 20202
947 7415 20349
948 7416 15932
949 7418 6655
950 7435 15435
951 7473 16438
952 7475 15161
953 7476 641
954 7482 7142
955 7495 23469
956 7509 15144
957 7516 19798
958 7517 21604
959 7529 17578
960 7536 1307
961 7539 5666
962 7540 17840
963 7546 2199
964 7548 548
965 7557 9493
966 7571 18348
967 7586 6176
968 7596 12454
969 7604 15482
970 7605 9983
971 7609 15513
972 7638 7468
973 7639 14896
974 7645 13967
975 7648 19816
976 7657 10227
977 7670 2902
978 7677 14956
979 7696 1243
980 7705 18286
981 7708 16861
982 7716 4191
983 7721 15303
984 7727 2088
985 7740 8730
986 7740 16375
987 7751 428
988 7757 3724
989 7767 23703
990 7776 19676
991 7787 22458
992 7800 23032
993 7814 98
994 7816 18309
995 7836 20506
996 7838 15431
997 7842 18039
998 7843 10456
999 7850 8126
1000 7853 18362
1001 7856 16590
1002 7862 6637
1003 7863 189
1004 7873 12586
1005 7908 15443
1006 7920 23614
1007 7923 17759
1008 7931 19754
1009 7932 10191
1010 7949 9625
1011 7956 12941
1012 7965 5260
1013 7977 21038
1014 7994 3128
1015 8003 4968
1016 8008 9805
1017 8011 16788
1018 8012 16747
1019 8014 8692
1020 8018 2225
1021 8018 13856
1022 8025 7087
1023 8033 16172
1024 8064 17547
1025 8066 17443
1026 8071 5134
1027 8073 6435
1028 8094 17721
1029 8099 19050
1030 8105 8722
1031 8107 6240
1032 8117 17273
1033 8127 5915
1034 8133 10097
1035 8144 6781
1036 8152 7181
1037 8157 19018
1038 8169 3840
1039 8183 6591
1040 8207 123
1041 8215 9797
1042 8224 15362
1043 8229 13170
1044 8241 22263
1045 8256 87
1046 8258 12583
1047 8259 1123
1048 8261 23404
1049 8269 9656
1050 8286 8
1051 8286 22436
1052 8288 10832
1053 8295 22798
1054 8298 7713
1055 8316 15281
1056 8345 20897
1057 8366 11617
1058 8368 11373
1059 8388 7587
1060 8414 23101
1061 8419 21905
1062 8422 21362
1063 8433 9066
1064 8437 13315
1065 8439 7766
1066 8470 8989
1067 8470 21069
1068 8475 15021
1069 8479 9059
1070 8487 7722
1071 8497 9894
1072 8512 6645
1073 8519 17993
1074 8533 11960
1075 8544 8890
1076 8549 12073
1077 8555 20000
1078 8575 14998
1079 8578 10322
1080 8579 10780
1081 8585 15326
1082 8587 15053
1083 8590 4210
1084 8592 14246
1085 8594 6863
1086 8594 23194
1087 8625 22442
1088 8627 5272
1089 8631 10161
1090 8632 3953
1091 8634 11823
1092 8643 17088
1093 8648 8971
1094 8650 1078
1095 8652 18793
1096 8655 2301
1097 8664 15989
1098 8670 12920
1099 8672 7279
1100 8682 16944
1101 8690 7660
1102 8726 3673
1103 8730 6404
1104 8737 9212
1105 8740 21422
1106 8745 2728
1107 8750 9590
1108 8762 20689
1109 8766 6553
1110 8822 1097
1111 8829 5877
1112 8832 11183
1113 8844 22428
1114 8856 2679
1115 8863 2575
1116 8867 4821
1117 8868 19551
1118 8871 7045
1119 8881 1800
1120 8906 891
1121 8912 5783
1122 8922 3729
1123 8922 14412
1124 8931 16931
1125 8946 21436
1126 8950 5007
1127 8953 5101
1128 8960 21552
1129 8971 8873
1130 8973 12842
1131 8974 4471
1132 8997 2044
1133 9003 23681
1134 9013 12358
1135 9017 14596
1136 9017 16252
1137 9025 8758
1138 9035 1684
1139 9045 19381
1140 9071 16380
1141 9074 4288
1142 9075 12819
1143 9078 19640
1144 9081 19966
1145 9081 21043
1146 9087 6167
1147 9093 14455
1148 9100 11155
1149 9104 3421
1150 9113 828
1151 9113 12822
1152 9126 23368
1153 9129 23502
1154 9137 12639
1155 9138 10065
1156 9150 22670
1157 9164 3232
1158 9166 20356
1159 9196 1648
1160 9198 22723
1161 9202 2561
1162 9210 7475
1163 9220 7845
1164 9226 8754
1165 9239 10461
1166 9243 7888
1167 9250 13011
1168 9256 23709
1169 9262 11784
1170 9269 2040
1171 9283 21687
1172 9285 15077
1173 9289 15190
1174 9298 22472
1175 9299 17257
1176 9304 6678
1177 9306 3964
1178 9308 16671
1179 9339 13520
1180 9340 4548
1181 9341 7894
1182 9357 17739
1183 9367 14609
1184 9375 8933
1185 9380 6279
1186 9395 13813
1187 9408 19911
1188 9427 15395
1189 9442 17878
1190 9446 4460
1191 9446 14970
1192 9479 17631
1193 9480 3286
1194 9480 5861
1195 9485 19331
1196 9489 20529
1197 9508 19968
1198 9509 23080
1199 9511 23103
1200 9515 15725
1201 9517 17061
1202 9528 3472
1203 9535 1497
1204 9548 8536
1205 9554 14250
1206 9563 22284
1207 9567 2007
1208 9569 17402
1209 9584 1339
1210 9595 12109
1211 9599 1818
1212 9610 4210
1213 9624 16271
1214 9625 1217
1215 9625 4304
1216 9639 7127
1217 9639 20028
1218 9655 1200
1219 9664 3518
1220 9665 7353
1221 9671 3594
1222 9673 21914
1223 9674 866
1224 9679 11212
1225 9689 14875
1226 9694 1373
1227 9696 4813
1228 9702 18909
1229 9703 15551
1230 9704 16532
1231 9711 2980
1232 9719 13664
1233 9722 446
1234 9725 20352
1235 9728 15498
1236 9732 22456
1237 9733 23762
1238 9734 5750
1239 9735 21848
1240 9737 23255
1241 9743 3524
1242 9754 1258
1243 9763 20138
1244 9765 6842
1245 9788 11723
1246 9796 23940
1247 9800 1212
1248 9821 4382
1249 9827 6265
1250 9838 18530
1251 9838 20826
1252 9858 16503
1253 9859 7487
1254 9864 18388
1255 9879 15880
1256 9880 2833
1257 9880 8632
1258 9901 19207
1259 9903 11030
1260 9906 17668
1261 9922 2237
1262 9945 21544
1263 9951 2480
1264 9985 1290
1265 9996 6284
1266 10027 16074
1267 10030 4555
1268 10030 4804
1269 10032 15369
1270 10034 22879
1271 10035 23557
1272 10036 16617
1273 10038 9725
1274 10047 6158
1275 10052 22290
1276 10082 3301
1277 10082 12140
1278 10085 2486
1279 10101 507
1280 10113 20878
1281 10119 9547
1282 10132 45
1283 10134 1224
1284 10147 19340
1285 10149 20202
1286 10157 20488
1287 10182 14992
1288 10185 23212
1289 10189 11928
1290 10214 12992
1291 10222 15862
1292 10247 6934
1293 10255 23151
1294 10260 22740
1295 10261 3534
1296 10268 11985
1297 10294 22173
1298 10298 350
1299 10302 6561
1300 10303 21625
1301 10304 18411
1302 10314 6376
1303 10316 20012
1304 10340 7455
1305 10344 12681
1306 10348 8292
1307 10349 21635
1308 10355 16009
1309 10389 20867
1310 10390 16611
1311 10404 20265
1312 10404 22360
1313 10412 21061
1314 10412 23092
1315 10430 22600
1316 10435 3868
1317 10449 8674
1318 10450 1169
1319 10456 78
1320 10463 643
1321 10470 6073
1322 10476 717
1323 10476 14158
1324 10482 20734
1325 10497 4237
1326 10497 13401
1327 10514 18277
1328 10520 9371
1329 10530 15331
1330 10556 11433
1331 10561 21488
1332 10605 204
1333 10622 16717
1334 10625 2828
1335 10643 9300
1336 10677 4768
1337 10677 15469
1338 10677 15852
1339 10679 4831
1340 10680 16433
1341 10684 21549
1342 10686 16611
1343 10688 20896
1344 10693 15758
1345 10721 16524
1346 10725 12260
1347 10735 18706
1348 10738 18469
1349 10738 23306
1350 10747 19106
1351 10753 15094
1352 10754 23056
1353 10756 15513
1354 10758 11288
1355 10760 7476
1356 10762 7445
1357 10762 19259
1358 10779 7495
1359 10786 2450
1360 10787 18276
1361 10790 8428
1362 10801 5878
1363 10803 9397
1364 10827 20177
1365 10834 10302
1366 10845 12005
1367 10847 6603
1368 10847 14945
1369 10851 22525
1370 10856 17850
1371 10865 22050
1372 10866 5924
1373 10871 18759
1374 10887 6796
1375 10891 6389
1376 10892 1410
1377 10898 4037
1378 10901 954
1379 10910 17570
1380 10916 21591
1381 10938 23844
1382 10950 20124
1383 10972 15752
1384 10973 19
1385 10974 21344
1386 10984 10783
1387 10992 1314
1388 10993 940
1389 10993 17729
1390 11002 13456
1391 11002 15700
1392 11011 12715
1393 11011 12967
1394 11039 15285
1395 11058 7284
1396 11072 22106
1397 11076 20767
1398 11107 22142
1399 11113 14460
1400 11115 12608
1401 11116 8814
1402 11119 5737
1403 11124 5416
1404 11124 14375
1405 11130 21742
1406 11150 17238
1407 11156 22348
1408 11163 646
1409 11167 9327
1410 11177 4049
1411 11178 16289
1412 11179 18388
1413 11182 8559
1414 11183 3745
1415 11185 14259
1416 11206 21658
1417 11218 23767
1418 11221 22875
1419 11235 1189
1420 11236 18658
1421 11266 23557
1422 11272 18926
1423 11276 9402
1424 11281 9755
1425 11295 10130
1426 11301 5841
1427 11306 7013
1428 11306 12848
1429 11328 12002
1430 11355 7903
1431 11358 21539
1432 11361 2621
1433 11365 8268
1434 11366 8010
1435 11373 6424
1436 11373 9068
1437 11379 6620
1438 11395 4770
1439 11407 6078
1440 11416 3599
1441 11419 18417
1442 11437 22394
1443 11446 8725
1444 11458 15397
1445 11470 7263
1446 11472 13664
1447 11482 16398
1448 11483 10577
1449 11497 12212
1450 11503 20672
1451 11506 21103
1452 11516 3240
1453 11530 837
1454 11536 3541
1455 11549 15910
1456 11550 21320
1457 11551 14742
1458 11562 5561
1459 11594 7728
1460 11609 23658
1461 11618 22638
1462 11619 1510
1463 11622 734
1464 11623 19089
1465 11628 5913
1466 11633 9438
1467 11664 8515
1468 11691 758
1469 11693 5900
1470 11698 19747
1471 11708 11645
1472 11712 21595
1473 11714 3534
1474 11719 5505
1475 11735 2665
1476 11736 5625
1477 11755 5014
1478 11771 21490
1479 11784 21541
1480 11830 2618
1481 11837 23184
1482 11839 18301
1483 11843 8478
1484 11856 16943
1485 11867 6489
1486 11881 9975
1487 11882 6530
1488 11894 16935
1489 11909 10048
1490 11911 3365
1491 11914 1903
1492 11921 19276
1493 11932 2817
1494 11933 10428
1495 11955 2113
1496 11963 21778
1497 11970 12087
1498 11970 12572
1499 11970 20876
1500 11988 21368
1501 12009 9160
1502 12014 18593
1503 12019 20005
1504 12024 13179
1505 12030 22047
1506 12051 6333
1507 12051 17828
1508 12053 7934
1509 12054 14361
1510 12059 22631
1511 12060 10304
1512 12060 17378
1513 12064 5500
1514 12082 8575
1515 12088 3814
1516 12098 617
1517 12098 11772
1518 12099 23085
1519 12105 9123
1520 12110 4898
1521 12112 19819
1522 12115 6374
1523 12117 23276
1524 12124 18985
1525 12160 10012
1526 12168 17814
1527 12173 20425
1528 12173 23813
1529 12181 23716
1530 12188 5660
1531 12195 22445
1532 12199 4559
1533 12201 21968
1534 12210 20282
1535 12212 8429
1536 12216 13231
1537 12218 2869
1538 12222 18250
1539 12242 20225
1540 12247 18584
1541 12254 23826
1542 12257 7292
1543 12276 7065
1544 12278 5351
1545 12280 5087
1546 12285 18992
1547 12298 3821
1548 12300 2451
1549 12301 13453
1550 12306 15306
1551 12315 10771
1552 12322 16350
1553 12323 19160
1554 12326 9189
1555 12326 21823
1556 12330 21393
1557 12332 3399
1558 12349 18237
1559 12364 23533
1560 12365 11374
1561 12384 17197
1562 12424 21031
1563 12437 7466
1564 12440 12198
1565 12458 2491
1566 12464 15306
1567 12492 11239
1568 12499 18958
1569 12511 22007
1570 12515 23328
1571 12518 1516
1572 12519 15264
1573 12528 11788
1574 12540 20199
1575 12555 4227
1576 12563 3932
1577 12566 15021
1578 12591 16797
1579 12604 9029
1580 12615 11048
1581 12616 18032
1582 12618 13637
1583 12627 3686
1584 12631 10149
1585 12637 12309
1586 12643 15430
1587 12645 20287
1588 12646 16950
1589 12672 21856
1590 12691 18803
1591 12700 16607
1592 12704 12334
1593 12713 709
1594 12715 3656
1595 12738 5794
1596 12738 8179
1597 12747 19471
1598 12757 23657
1599 12761 1694
1600 12774 9193
1601 12775 16753
1602 12776 18648
1603 12778 11333
1604 12780 8575
1605 12811 23503
1606 12823 9824
1607 12837 9839
1608 12838 14961
1609 12848 12087
1610 12850 16699
1611 12855 23645
1612 12861 18913
1613 12871 17880
1614 12875 12205
1615 12893 829
1616 12897 17771
1617 12907 3821
1618 12914 2378
1619 12924 2407
1620 12962 2198
1621 12967 10832
1622 12971 5660
1623 12984 15075
1624 12994 20567
1625 13001 10334
1626 13020 13728
1627 13028 17281
1628 13036 4039
1629 13044 19928
1630 13046 14982
1631 13054 16429
1632 13067 768
1633 13073 16113
1634 13088 15591
1635 13117 22669
1636 13129 8216
1637 13144 23640
1638 13154 23003
1639 13165 21629
1640 13180 6645
1641 13190 1970
1642 13193 3008
1643 13205 12669
1644 13230 13916
1645 13234 6867
1646 13241 5481
1647 13247 9631
1648 13253 18124
1649 13267 9077
1650 13268 9482
1651 13275 15385
1652 13294 5536
1653 13296 11034
1654 13305 18855
1655 13307 21410
1656 13319 19058
1657 13327 23528
1658 13340 19779
1659 13345 7041
1660 13353 1753
1661 13355 3280
1662 13377 23596
1663 13383 8920
1664 13395 3667
1665 13402 7145
1666 13405 16372
1667 13406 20616
1668 13413 8837
1669 13414 21861
1670 13421 12803
1671 13435 20397
1672 13437 16747
1673 13438 22901
1674 13443 9779
1675 13448 15683
1676 13457 7161
1677 13462 21824
1678 13472 7324
1679 13475 3567
1680 13489 23776
1681 13494 2876
1682 13497 10040
1683 13513 5905
1684 13520 7443
1685 13536 12086
1686 13537 19189
1687 13547 22498
1688 13548 19940
1689 13564 3840
1690 13567 2689
1691 13570 16988
1692 13587 8250
1693 13601 23276
1694 13607 6479
1695 13611 8901
1696 13613 5028
1697 13615 1197
1698 13621 10493
1699 13632 9421
1700 13644 21869
1701 13644 22621
1702 13646 11499
1703 13649 22201
1704 13652 16541
1705 13664 22339
1706 13675 2970
1707 13691 12711
1708 13691 16801
1709 13696 15496
1710 13739 732
1711 13754 18218
1712 13766 11330
1713 13772 16654
1714 13773 4289
1715 13775 16158
1716 13777 1961
1717 13780 13046
1718 13786 19003
1719 13787 843
1720 13799 14385
1721 13810 11572
1722 13813 21054
1723 13847 18989
1724 13854 8265
1725 13877 12508
1726 13897 6172
1727 13908 21698
1728 13913 19940
1729 13928 14665
1730 13934 6577
1731 13944 18677
1732 13947 9333
1733 13948 3757
1734 13956 12919
1735 13966 12089
1736 13968 7039
1737 13970 16633
1738 13979 6564
1739 14014 23864
1740 14021 8753
1741 14022 8026
1742 14028 7896
1743 14029 17825
1744 14036 20086
1745 14040 21328
1746 14047 12494
1747 14048 5590
1748 14053 2126
1749 14062 15698
1750 14072 14629
1751 14081 14706
1752 14091 9812
1753 14098 11826
1754 14101 16697
1755 14104 18866
1756 14128 2755
1757 14138 12809
1758 14149 12708
1759 14150 20506
1760 14166 17780
1761 14179 3256
1762 14184 21735
1763 14205 8744
1764 14212 16679
1765 14213 14333
1766 14216 22060
1767 14220 1204
1768 14222 17002
1769 14239 5984
1770 14241 23592
1771 14245 11170
1772 14247 21298
1773 14264 2015
1774 14276 1616
1775 14306 20721
1776 14315 22107
1777 14318 13411
1778 14323 23085
1779 14329 11011
1780 14339 6602
1781 14340 1672
1782 14342 7397
1783 14343 9342
1784 14345 19617
1785 14348 17242
1786 14370 13425
1787 14377 23771
1788 14389 6045
1789 14395 20757
1790 14396 14797
1791 14407 357
1792 14413 5333
1793 14428 5639
1794 14429 4668
1795 14429 9215
1796 14432 16358
1797 14437 10024
1798 14458 21514
1799 14465 22517
1800 14467 19226
1801 14477 16763
1802 14489 11421
1803 14496 23884
1804 14519 22027
1805 14520 11456
1806 14522 13151
1807 14524 16797
1808 14529 23409
1809 14530 11185
1810 14534 15091
1811 14540 18529
1812 14540 19044
1813 14556 15868
1814 14568 3782
1815 14572 21225
1816 14584 1034
1817 14586 15463
1818 14597 2901
1819 14607 16592
1820 14627 23110
1821 14630 3959
1822 14631 17451
1823 14633 4363
1824 14642 22971
1825 14645 6052
1826 14652 3242
1827 14652 19542
1828 14656 13624
1829 14660 16726
1830 14660 20876
1831 14678 12719
1832 14688 10363
1833 14690 19894
1834 14699 21651
1835 14710 21968
1836 14716 15461
1837 14719 5656
1838 14730 11614
1839 14733 9927
1840 14760 9963
1841 14786 15517
1842 14791 22879
1843 14799 19320
1844 14804 13522
1845 14809 2222
1846 14823 8900
1847 14828 15939
1848 14833 1264
1849 14865 20734
1850 14879 6745
1851 14893 65
1852 14893 3240
1853 14894 11247
1854 14896 15274
1855 14896 18162
1856 14897 6440
1857 14914 3557
1858 14934 985
1859 14944 7698
1860 14946 1214
1861 14946 15269
1862 14957 6282
1863 14964 6658
1864 14973 18046
1865 14986 23732
1866 14993 17790
1867 15003 22706
1868 15005 15434
1869 15006 2739
1870 15015 7828
1871 15017 15277
1872 15018 5589
1873 15027 6177
1874 15051 21429
1875 15052 17913
1876 15052 21013
1877 15063 22792
1878 15067 10897
1879 15075 583
1880 15082 1597
1881 15089 3406
1882 15094 13810
1883 15108 4644
1884 15108 15555
1885 15114 23715
1886 15115 13705
1887 15124 19155
1888 15141 15862
1889 15143 17128
1890 15144 21829
1891 15154 3361
1892 15162 18236
1893 15171 5662
1894 15179 21093
1895 15195 5478
1896 15198 8391
1897 15204 22529
1898 15221 15784
1899 15228 2478
1900 15238 17575
1901 15258 6846
1902 15279 18082
1903 15279 18136
1904 15294 17298
1905 15306 17000
1906 15315 22952
1907 15331 1228
1908 15331 4543
1909 15335 8894
1910 15338 287
1911 15339 17394
1912 15344 1114
1913 15349 22321
1914 15356 18355
1915 15357 23340
1916 15370 10203
1917 15381 21501
1918 15385 7524
1919 15397 6041
1920 15417 6665
1921 15419 4405
1922 15442 21281
1923 15447 17248
1924 15464 11230
1925 15465 12078
1926 15466 4529
1927 15472 18274
1928 15489 17323
1929 15505 5444
1930 15507 21307
1931 15517 21987
1932 15517 23099
1933 15523 8494
1934 15524 1545
1935 15525 1191
1936 15527 2006
1937 15530 19142
1938 15533 478
1939 15558 20564
1940 15567 5956
1941 15568 5598
1942 15577 19365
1943 15605 18744
1944 15611 15155
1945 15612 15495
1946 15633 5201
1947 15635 14306
1948 15643 12636
1949 15657 8578
1950 15658 16276
1951 15659 626
1952 15665 4868
1953 15682 6684
1954 15684 5978
1955 15687 22157
1956 15707 215
1957 15707 7979
1958 15712 23685
1959 15722 16359
1960 15724 8328
1961 15724 10555
1962 15725 23550
1963 15727 16460
1964 15733 5374
1965 15739 8693
1966 15739 23400
1967 15746 11503
1968 15752 22385
1969 15753 2058
1970 15754 875
1971 15763 13804
1972 15764 10761
1973 15774 11589
1974 15775 12490
1975 15793 11313
1976 15793 21499
1977 15798 19857
1978 15801 3034
1979 15802 14383
1980 15810 3319
1981 15830 16413
1982 15835 1068
1983 15866 18335
1984 15872 1687
1985 15903 17254
1986 15909 1721
1987 15914 10849
1988 15929 9668
1989 15932 8395
1990 15939 23893
1991 15950 971
1992 15956 12412
1993 15958 20526
1994 15958 23089
1995 15964 20951
1996 15973 9
1997 15992 3379
1998 15992 9006
1999 15994 3068
2000 15996 4981
2001 15997 15662
2002 16005 1333
2003 16018 17357
2004 16021 3352
2005 16034 6838
2006 16034 12678
2007 16045 2176
2008 16045 4720
2009 16046 19857
2010 16054 21449
2011 16060 15981
2012 16065 17413
2013 16066 11474
2014 16072 9838
2015 16073 23566
2016 16074 9335
2017 16075 11622
2018 16077 12667
2019 16077 21639
2020 16084 13296
2021 16088 18241
2022 16103 15367
2023 16122 18262
2024 16125 10464
2025 16132 4535
2026 16149 9319
2027 16157 13017
2028 16167 5133
2029 16172 7235
2030 16172 11207
2031 16175 3179
2032 16185 20756
2033 16190 20696
2034 16194 5546
2035 16194 21070
2036 16215 15619
2037 16231 12311
2038 16237 19949
2039 16238 12933
2040 16238 14970
2041 16239 12958
2042 16266 20848
2043 16278 226
2044 16296 18562
2045 16297 5929
2046 16304 21905
2047 16305 32
2048 16315 6042
2049 16319 12488
2050 16321 6544
2051 16325 9801
2052 16326 7557
2053 16359 8561
2054 16369 15071
2055 16371 17110
2056 16382 209
2057 16392 23536
2058 16407 11257
2059 16423 13769
2060 16453 20811
2061 16466 7089
2062 16472 3176
2063 16492 21837
2064 16497 20059
2065 16508 18582
2066 16523 23712
2067 16524 19433
2068 16529 13280
2069 16558 21644
2070 16562 15002
2071 16572 7513
2072 16577 21025
2073 16583 21170
2074 16588 21488
2075 16592 13904
2076 16613 22902
2077 16628 11223
2078 16629 12589
2079 16636 13417
2080 16644 8100
2081 16651 23594
2082 16667 15692
2083 16677 11233
2084 16690 9438
2085 16700 5264
2086 16706 8508
2087 16710 1645
2088 16718 885
2089 16723 10463
2090 16728 10537
2091 16732 9812
2092 16752 14465
2093 16762 17751
2094 16778 17294
2095 16781 7083
2096 16785 22785
2097 16795 20588
2098 16796 6601
2099 16806 22064
2100 16808 2594
2101 16828 6258
2102 16840 2595
2103 16840 16690
2104 16842 14757
2105 16844 12543
2106 16848 20550
2107 16849 7698
2108 16854 11299
2109 16864 22617
2110 16865 6578
2111 16866 3436
2112 16866 7620
2113 16876 8984
2114 16883 18945
2115 16885 10987
2116 16897 6102
2117 16898 16817
2118 16899 7717
2119 16908 18746
2120 16921 10587
2121 16927 8317
2122 16927 14613
2123 16942 11120
2124 16946 9701
2125 16956 3664
2126 16958 16485
2127 16964 8606
2128 16969 8803
2129 16972 16862
2130 16973 19551
2131 16974 6756
2132 16977 16663
2133 16983 15268
2134 16989 20007
2135 16991 20499
2136 16994 3965
2137 16994 4069
2138 16994 21503
2139 17000 10055
2140 17033 1970
2141 17035 5547
2142 17044 424
2143 17047 1995
2144 17070 20343
2145 17076 21744
2146 17095 1161
2147 17104 23499
2148 17109 20922
2149 17112 4866
2150 17116 12982
2151 17123 5361
2152 17128 22346
2153 17131 23591
2154 17135 5689
2155 17141 22014
2156 17155 14737
2157 17157 9625
2158 17179 8444
2159 17181 395
2160 17184 15443
2161 17187 17928
2162 17191 11187
2163 17191 22970
2164 17206 5335
2165 17206 15436
2166 17210 571
2167 17214 9501
2168 17219 3018
2169 17221 16309
2170 17225 9628
2171 17226 2933
2172 17226 6314
2173 17228 10954
2174 17231 2203
2175 17231 8479
2176 17233 3307
2177 17245 14929
2178 17249 30
2179 17262 3509
2180 17273 19794
2181 17277 19520
2182 17278 13593
2183 17280 21962
2184 17282 18070
2185 17286 3696
2186 17299 16999
2187 17305 4788
2188 17318 9249
2189 17323 1903
2190 17325 19065
2191 17327 4141
2192 17330 9040
2193 17331 15045
2194 17337 5007
2195 17358 8078
2196 17364 12908
2197 17370 20365
2198 17377 18194
2199 17381 21453
2200 17390 4451
2201 17390 10260
2202 17397 20129
2203 17400 22991
2204 17418 19070
2205 17428 19163
2206 17437 9765
2207 17441 10049
2208 17442 16830
2209 17443 16932
2210 17446 4216
2211 17446 20729
2212 17458 2176
2213 17458 11194
2214 17458 12028
2215 17464 5749
2216 17478 6566
2217 17483 6649
2218 17486 9133
2219 17496 9232
2220 17502 11435
2221 17506 9617
2222 17532 7942
2223 17538 2622
2224 17544 14560
2225 17555 20636
2226 17555 21922
2227 17560 1019
2228 17564 11345
2229 17569 276
2230 17601 13172
2231 17605 22810
2232 17613 7397
2233 17628 21241
2234 17633 5310
2235 17634 20327
2236 17637 5178
2237 17643 17500
2238 17669 6795
2239 17671 4980
2240 17671 14183
2241 17677 23389
2242 17681 21569
2243 17687 16893
2244 17688 14618
2245 17692 15487
2246 17707 11573
2247 17707 19179
2248 17712 21190
2249 17712 23034
2250 17716 2665
2251 17719 3312
2252 17732 20410
2253 17735 19505
2254 17738 10106
2255 17742 9664
2256 17751 21745
2257 17776 20670
2258 17777 14602
2259 17803 8502
2260 17811 17794
2261 17816 2763
2262 17819 13895
2263 17823 21168
2264 17826 10440
2265 17834 18072
2266 17836 1132
2267 17836 17182
2268 17852 20601
2269 17865 13913
2270 17869 4924
2271 17875 7493
2272 17876 7161
2273 17887 13762
2274 17922 11455
2275 17933 4692
2276 17944 22815
2277 17947 18270
2278 17966 12417
2279 17973 8073
2280 17993 8184
2281 18005 15462
2282 18007 94
2283 18028 13598
2284 18061 16960
2285 18064 11716
2286 18068 23692
2287 18081 17721
2288 18082 8868
2289 18088 20606
2290 18100 16603
2291 18101 13529
2292 18110 11946
2293 18124 21401
2294 18128 16180
2295 18131 14673
2296 18140 6234
2297 18140 12926
2298 18148 13508
2299 18150 14006
2300 18157 10312
2301 18161 20388
2302 18168 575
2303 18168 11366
2304 18170 8197
2305 18177 6603
2306 18178 11042
2307 18194 5982
2308 18203 5202
2309 18203 20091
2310 18218 5542
2311 18220 3716
2312 18230 8296
2313 18230 8698
2314 18231 6320
2315 18237 21870
2316 18242 11286
2317 18269 12448
2318 18271 20874
2319 18286 14734
2320 18286 14804
2321 18292 22702
2322 18306 2049
2323 18310 794
2324 18328 16998
2325 18338 9661
2326 18341 12436
2327 18365 14454
2328 18366 14778
2329 18367 2076
2330 18371 9510
2331 18377 19440
2332 18382 21326
2333 18385 15993
2334 18407 21941
2335 18418 18743
2336 18421 15768
2337 18423 21481
2338 18432 9250
2339 18434 23257
2340 18436 8389
2341 18441 14629
2342 18448 2102
2343 18456 21203
2344 18458 14279
2345 18474 21007
2346 18475 2106
2347 18481 3946
2348 18490 18545
2349 18498 11971
2350 18503 2307
2351 18512 23957
2352 18522 11024
2353 18529 17810
2354 18536 7003
2355 18569 13340
2356 18571 10056
2357 18580 1265
2358 18585 21744
2359 18586 8870
2360 18597 12654
2361 18609 7214
2362 18616 23598
2363 18654 3523
2364 18655 15245
2365 18657 21785
2366 18672 18250
2367 18681 14725
2368 18685 6349
2369 18686 13419
2370 18692 3743
2371 18694 5749
2372 18725 23384
2373 18731 7635
2374 18742 5212
2375 18745 23931
2376 18754 20353
2377 18758 6010
2378 18765 9646
2379 18776 18664
2380 18788 6978
2381 18800 6090
2382 18804 22347
2383 18823 13210
2384 18834 13932
2385 18854 760
2386 18857 11366
2387 18861 8482
2388 18867 13604
2389 18878 15536
2390 18879 8105
2391 18896 4316
2392 18904 184
2393 18913 1684
2394 18927 17174
2395 18929 2332
2396 18935 18286
2397 18945 17282
2398 18966 19317
2399 18971 1865
2400 18982 4840
2401 18988 2854
2402 18988 5377
2403 18989 15734
2404 19008 8147
2405 19030 10946
2406 19035 5363
2407 19046 6429
2408 19052 23920
2409 19054 8562
2410 19064 4994
2411 19068 17653
2412 19074 22465
2413 19082 2314
2414 19087 21180
2415 19090 18311
2416 19109 15171
2417 19110 13175
2418 19122 13308
2419 19128 7599
2420 19141 1664
2421 19148 8972
2422 19151 13152
2423 19163 17689
2424 19163 18026
2425 19167 4558
2426 19170 2500
2427 19173 6057
2428 19179 23664
2429 19185 10465
2430 19186 13953
2431 19190 20829
2432 19197 19570
2433 19227 9921
2434 19238 14374
2435 19239 2915
2436 19242 19420
2437 19255 11751
2438 19279 8714
2439 19300 12565
2440 19300 20794
2441 19304 21702
2442 19313 16968
2443 19322 11810
2444 19327 9430
2445 19328 9618
2446 19334 5957
2447 19337 2385
2448 19341 23322
2449 19384 8290
2450 19388 10848
2451 19396 20116
2452 19402 12830
2453 19405 9605
2454 19409 14286
2455 19421 22199
2456 19437 22687
2457 19440 9613
2458 19450 9145
2459 19455 23460
2460 19460 2110
2461 19464 13257
2462 19467 15837
2463 19480 8559
2464 19483 5592
2465 19488 1313
2466 19498 3805
2467 19499 957
2468 19500 14793
2469 19509 8757
2470 19514 23165
2471 19521 6942
2472 19522 7586
2473 19533 7614
2474 19535 2338
2475 19554 7872
2476 19561 20086
2477 19583 1060
2478 19584 16793
2479 19592 13448
2480 19610 8228
2481 19610 23924
2482 19626 23743
2483 19629 5720
2484 19633 22655
2485 19657 17671
2486 19667 16276
2487 19676 5048
2488 19676 12380
2489 19683 7284
2490 19684 14763
2491 19701 14239
2492 19716 15478
2493 19736 6888
2494 19744 4899
2495 19758 13933
2496 19763 14372
2497 19768 22913
2498 19781 11284
2499 19785 544
2500 19796 11525
2501 19812 17400
2502 19815 21868
2503 19817 2001
2504 19824 4677
2505 19824 5102
2506 19830 15995
2507 19839 22230
2508 19845 8292
2509 19846 2907
2510 19857 13682
2511 19857 17296
2512 19864 20122
2513 19869 16974
2514 19875 12991
2515 19878 23230
2516 19897 10521
2517 19899 5022
2518 19900 22641
2519 19922 18699
2520 19934 2255
2521 19948 14214
2522 19976 13569
2523 19987 14563
2524 19994 4589
2525 20002 22888
2526 20005 12762
2527 20017 1077
2528 20034 14324
2529 20084 20744
2530 20088 5598
2531 20109 9782
2532 20135 17894
2533 20144 18893
2534 20146 14541
2535 20150 14198
2536 20170 10666
2537 20170 14699
2538 20170 20509
2539 20172 1799
2540 20175 15824
2541 20178 23359
2542 20191 11124
2543 20210 23150
2544 20228 13636
2545 20238 1576
2546 20244 10220
2547 20279 8796
2548 20284 9787
2549 20296 18031
2550 20297 4698
2551 20299 13283
2552 20300 23169
2553 20301 18492
2554 20314 7598
2555 20316 13143
2556 20317 11818
2557 20328 6619
2558 20337 17077
2559 20338 10877
2560 20350 11200
2561 20361 17510
2562 20367 14351
2563 20369 8057
2564 20370 14184
2565 20379 18333
2566 20381 11550
2567 20386 9748
2568 20389 11884
2569 20399 3793
2570 20403 17165
2571 20406 20676
2572 20414 21193
2573 20419 18026
2574 20421 2775
2575 20440 22491
2576 20466 6062
2577 20471 1384
2578 20487 9934
2579 20491 3883
2580 20498 11575
2581 20502 2736
2582 20507 8933
2583 20515 4448
2584 20519 276
2585 20520 405
2586 20525 15745
2587 20529 8399
2588 20531 15637
2589 20548 23712
2590 20550 7455
2591 20551 20004
2592 20566 12176
2593 20568 21607
2594 20596 1643
2595 20597 19293
2596 20601 22168
2597 20621 18716
2598 20631 586
2599 20637 6786
2600 20645 17190
2601 20658 7104
2602 20659 5602
2603 20672 12800
2604 20679 15048
2605 20689 2253
2606 20690 3915
2607 20691 11873
2608 20697 9600
2609 20699 3216
2610 20707 12772
2611 20711 432
2612 20715 15101
2613 20728 14278
2614 20729 23509
2615 20742 6605
2616 20754 23412
2617 20755 13912
2618 20760 20294
2619 20767 3470
2620 20773 10743
2621 20780 448
2622 20790 16042
2623 20792 12500
2624 20799 18366
2625 20800 29
2626 20815 9710
2627 20832 14044
2628 20835 13403
2629 20836 10742
2630 20840 20924
2631 20842 316
2632 20848 17665
2633 20850 11421
2634 20871 4802
2635 20872 5108
2636 20874 2505
2637 20875 12349
2638 20877 21901
2639 20883 8790
2640 20887 20855
2641 20908 4208
2642 20909 3988
2643 20921 7679
2644 20922 20338
2645 20923 7377
2646 20927 9751
2647 20927 21811
2648 20930 20506
2649 20932 16944
2650 20933 9822
2651 20943 5912
2652 20945 16758
2653 20948 20776
2654 20952 19677
2655 20953 19149
2656 20955 4804
2657 20956 13607
2658 20960 18081
2659 20963 11369
2660 20967 20029
2661 20973 16477
2662 21005 22720
2663 21006 20522
2664 21008 773
2665 21016 1905
2666 21025 2942
2667 21036 8211
2668 21037 7736
2669 21038 19000
2670 21042 10207
2671 21043 3600
2672 21057 5855
2673 21059 17471
2674 21068 21819
2675 21069 15698
2676 21071 7215
2677 21077 20369
2678 21087 22035
2679 21092 9098
2680 21092 14569
2681 21094 10906
2682 21095 3081
2683 21114 7991
2684 21122 13005
2685 21122 14126
2686 21134 22616
2687 21136 15003
2688 21139 1811
2689 21141 11224
2690 21176 9400
2691 21189 19501
2692 21197 18160
2693 21213 3201
2694 21213 18845
2695 21243 18029
2696 21248 20970
2697 21253 1855
2698 21257 8579
2699 21267 16995
2700 21283 4007
2701 21300 7156
2702 21300 10463
2703 21302 19426
2704 21316 12060
2705 21318 22692
2706 21337 9072
2707 21344 12911
2708 21374 6309
2709 21385 15791
2710 21386 8687
2711 21389 9265
2712 21391 11043
2713 21393 2907
2714 21394 18143
2715 21407 20369
2716 21423 5869
2717 21430 20139
2718 21455 10667
2719 21462 13674
2720 21469 20336
2721 21470 19656
2722 21484 22261
2723 21485 7632
2724 21493 18248
2725 21494 1045
2726 21499 22336
2727 21505 19472
2728 21512 21394
2729 21513 11677
2730 21517 2888
2731 21520 8740
2732 21532 17922
2733 21534 4270
2734 21540 10077
2735 21559 1875
2736 21563 20875
2737 21573 483
2738 21573 12578
2739 21585 21591
2740 21586 11894
2741 21591 5541
2742 21597 1589
2743 21604 1117
2744 21610 10334
2745 21627 23799
2746 21629 1119
2747 21630 1121
2748 21630 17631
2749 21631 10082
2750 21656 18955
2751 21662 3038
2752 21664 158
2753 21674 11164
2754 21676 1798
2755 21683 22056
2756 21694 4818
2757 21694 11257
2758 21707 2567
2759 21712 10208
2760 21719 9530
2761 21720 18425
2762 21737 17427
2763 21739 17741
2764 21743 13200
2765 21755 20683
2766 21762 21905
2767 21777 19505
2768 21789 10654
2769 21795 14503
2770 21806 18060
2771 21814 23401
2772 21819 12398
2773 21822 11774
2774 21829 17245
2775 21829 20434
2776 21839 11303
2777 21872 7419
2778 21874 9794
2779 21883 14963
2780 21887 15229
2781 21888 9262
2782 21905 9178
2783 21916 18079
2784 21926 11471
2785 21929 12307
2786 21936 11652
2787 21940 4301
2788 21945 2908
2789 21958 15105
2790 21960 7600
2791 21993 9097
2792 22024 14703
2793 22026 23886
2794 22031 14507
2795 22036 12030
2796 22042 6181
2797 22056 20881
2798 22057 12406
2799 22074 14847
2800 22100 9342
2801 22106 18832
2802 22108 3420
2803 22110 3751
2804 22119 6169
2805 22127 13111
2806 22128 7371
2807 22138 3043
2808 22140 5354
2809 22142 13576
2810 22155 15414
2811 22159 15069
2812 22163 8561
2813 22164 775
2814 22166 13951
2815 22169 13290
2816 22186 4355
2817 22200 19745
2818 22213 20783
2819 22221 12541
2820 22235 12459
2821 22252 18900
2822 22268 20505
2823 22272 4424
2824 22295 6090
2825 22304 19456
2826 22307 22976
2827 22312 6578
2828 22324 12617
2829 22324 20773
2830 22326 19307
2831 22327 3246
2832 22329 95
2833 22339 9148
2834 22339 22827
2835 22345 6925
2836 22348 3489
2837 22349 6417
2838 22354 11347
2839 22358 4101
2840 22364 15201
2841 22365 4164
2842 22377 824
2843 22381 13026
2844 22386 20984
2845 22395 11460
2846 22398 3687
2847 22409 6176
2848 22417 20683
2849 22437 22281
2850 22442 14957
2851 22447 1670
2852 22448 19569
2853 22449 8864
2854 22451 6879
2855 22456 22611
2856 22460 18906
2857 22481 7047
2858 22481 20685
2859 22493 23057
2860 22494 19998
2861 22495 9887
2862 22498 6671
2863 22503 8870
2864 22505 23291
2865 22518 6989
2866 22520 17684
2867 22524 4215
2868 22524 16564
2869 22530 9738
2870 22553 14330
2871 22554 988
2872 22554 10797
2873 22562 507
2874 22565 8376
2875 22567 18292
2876 22586 17175
2877 22588 17594
2878 22595 8673
2879 22598 5776
2880 22607 22394
2881 22610 8685
2882 22631 18599
2883 22641 10371
2884 22664 9873
2885 22671 21350
2886 22679 20043
2887 22692 3746
2888 22694 9010
2889 22695 18566
2890 22697 11559
2891 22706 9908
2892 22708 11464
2893 22719 15292
2894 22728 8054
2895 22734 1321
2896 22737 3808
2897 22766 9722
2898 22776 20357
2899 22778 11587
2900 22797 10318
2901 22808 10929
2902 22810 12180
2903 22825 1876
2904 22830 17600
2905 22842 19890
2906 22861 16676
2907 22862 15326
2908 22870 8781
2909 22874 6187
2910 22874 12397
2911 22884 18652
2912 22893 2199
2913 22913 15110
2914 22925 41
2915 22939 13257
2916 22945 16611
2917 22950 19016
2918 22967 541
2919 22971 3973
2920 22993 1868
2921 22993 11639
2922 23006 9202
2923 23007 15014
2924 23042 19827
2925 23049 8605
2926 23058 5754
2927 23064 2921
2928 23069 22909
2929 23072 10046
2930 23086 11380
2931 23099 19945
2932 23103 5182
2933 23103 7035
2934 23106 10937
2935 23106 22694
2936 23110 22003
2937 23122 10630
2938 23125 282
2939 23125 3693
2940 23136 12889
2941 23137 16883
2942 23149 10966
2943 23169 16577
2944 23196 7235
2945 23197 2097
2946 23205 2936
2947 23206 16414
2948 23212 17505
2949 23215 8343
2950 23219 7526
2951 23246 15737
2952 23252 400
2953 23263 5616
2954 23274 8756
2955 23276 9368
2956 23291 5715
2957 23297 7086
2958 23298 6899
2959 23302 12452
2960 23305 5145
2961 23312 17634
2962 23318 19155
2963 23321 2233
2964 23324 15835
2965 23324 21478
2966 23335 516
2967 23343 725
2968 23361 12695
2969 23365 8914
2970 23366 11840
2971 23368 11335
2972 23369 8082
2973 23369 22573
2974 23371 6122
2975 23371 8811
2976 23372 6888
2977 23372 18052
2978 23379 10231
2979 23379 16059
2980 23381 689
2981 23384 15677
2982 23390 20506
2983 23400 12302
2984 23403 12358
2985 23411 9219
2986 23423 3386
2987 23431 8960
2988 23441 16797
2989 23451 3195
2990 23458 13380
2991 23459 19149
2992 23481 14761
2993 23495 20844
2994 23498 3046
2995 23498 23001
2996 23513 21090
2997 23525 19084
2998 23526 8377
2999 23550 9360
3000 23563 4934
3001 23566 10118
3002 23587 2158
3003 23601 13590
3004 23622 19489
3005 23629 9059
3006 23631 11075
3007 23632 1672
3008 23633 13199
3009 23641 18103
3010 23647 10284
3011 23653 23851
3012 23654 9000
3013 23661 5337
3014 23675 16961
3015 23677 17339
3016 23683 1680
3017 23693 16713
3018 23705 19431
3019 23712 13147
3020 23721 13304
3021 23722 584
3022 23722 11979
3023 23734 6869
3024 23737 6908
3025 23743 228
3026 23760 21784
3027 23791 16071
3028 23815 272
3029 23829 15011
3030 23840 21410
3031 23851 12428
3032 23859 1375
3033 23875 3963
3034 23899 21156
3035 23908 23951
3036 23914 19051
3037 23921 67
3038 23926 21775
3039 23932 18662
3040 23943 18309
3041 23955 2542
3042 23955 9486
3043 23956 10519
3044 23961 3474