0 131 834
1 6 465
2 13 690
3 14 726
4 20 358
5 22 526
6 39 176
7 48 78
8 56 342
9 60 451
10 62 132
11 63 628
12 75 267
13 76 760
14 79 56
15 87 212
16 88 614
17 89 706
18 95 89
19 103 480
20 116 195
21 127 583
22 127 624
23 144 505
24 157 493
25 161 825
26 170 182
27 174 705
28 175 822
29 194 229
30 195 136
31 195 830
32 202 221
33 206 313
34 216 404
35 217 679
36 229 514
37 232 226
38 232 385
39 237 771
40 243 802
41 247 366
42 263 794
43 269 183
44 269 221
45 270 164
46 271 404
47 276 825
48 287 57
49 289 99
50 295 734
51 296 532
52 320 544
53 323 257
54 323 384
55 329 335
56 333 441
57 341 136
58 344 453
59 346 823
60 375 331
61 381 585
62 397 692
63 399 810
64 406 105
65 407 745
66 411 658
67 426 706
68 430 23
69 441 256
70 448 322
71 453 408
72 459 547
73 468 491
74 482 95
75 482 649
76 489 168
77 500 238
78 501 795
79 502 704
80 515 423
81 516 435
82 517 565
83 525 627
84 526 396
85 527 80
86 544 331
87 552 434
88 553 230
89 554 526
90 569 235
91 587 746
92 591 413
93 595 10
94 630 252
95 643 357
96 648 426
97 651 282
98 652 541
99 652 751
100 653 742
101 654 18
102 656 11
103 656 22
104 663 571
105 677 826
106 681 228
107 684 586
108 686 99
109 691 117
110 693 75
111 701 790
112 704 395
113 715 730
114 717 702
115 719 636
116 723 37
117 724 594
118 734 651
119 740 227
120 756 403
121 757 490
122 760 40
123 763 809
124 771 468
125 777 509
126 778 278
127 797 829
128 808 295
129 818 349
130 818 732
131 833 461