0 1514 11365
1 6 6236
2 26 4712
3 30 5577
4 41 8646
5 52 9500
6 65 8350
7 71 10482
8 72 4884
9 84 1732
10 92 1572
11 109 8399
12 110 10163
13 119 7843
14 145 4932
15 153 8214
16 163 4299
17 167 2265
18 168 1478
19 174 6057
20 183 5246
21 190 3356
22 199 9785
23 203 5208
24 210 10282
25 213 252
26 226 10952
27 230 9388
28 243 2704
29 246 275
30 252 2934
31 252 5179
32 254 6936
33 270 6261
34 274 7189
35 275 1236
36 285 8857
37 297 5263
38 304 9536
39 311 2215
40 311 7724
41 319 3027
42 332 1284
43 346 1320
44 346 2445
45 359 467
46 369 429
47 370 7098
48 373 5747
49 378 5193
50 383 5422
51 384 1397
52 391 5030
53 409 6898
54 428 6044
55 430 10656
56 436 6275
57 467 4148
58 487 2667
59 498 6440
60 512 8576
61 514 1743
62 551 10653
63 563 5920
64 568 2627
65 569 6403
66 595 245
67 605 5508
68 606 8000
69 610 419
70 612 5833
71 633 5044
72 636 2391
73 641 3925
74 642 3714
75 645 5957
76 646 2
77 650 2966
78 669 2316
79 669 2947
80 672 1547
81 672 6898
82 672 9766
83 675 286
84 680 2351
85 685 2852
86 700 5378
87 710 1251
88 712 1101
89 718 2865
90 722 438
91 722 3424
92 736 5718
93 742 6621
94 755 5369
95 773 8041
96 783 3997
97 786 240
98 789 7370
99 797 1509
100 802 3707
101 805 3104
102 808 11348
103 827 3654
104 845 1356
105 853 2933
106 859 4797
107 868 4060
108 872 2103
109 873 10356
110 873 10996
111 876 4384
112 882 7602
113 896 4680
114 897 224
115 937 3009
116 948 4998
117 951 10654
118 952 8936
119 953 3456
120 962 1370
121 966 4507
122 966 7456
123 968 7745
124 971 542
125 990 1864
126 990 7450
127 995 9209
128 997 1030
129 999 2928
130 1001 294
131 1003 9079
132 1009 2064
133 1023 7941
134 1040 4708
135 1058 9420
136 1061 4974
137 1064 11205
138 1065 4778
139 1090 1685
140 1090 4411
141 1095 1640
142 1108 8396
143 1110 8734
144 1111 4751
145 1128 2918
146 1128 3300
147 1146 9582
148 1151 4596
149 1167 3351
150 1175 10390
151 1179 5255
152 1199 2469
153 1199 10727
154 1200 9923
155 1208 5041
156 1223 8146
157 1225 8601
158 1226 5418
159 1236 5815
160 1237 10579
161 1238 7712
162 1239 3674
163 1247 7003
164 1268 2095
165 1270 6974
166 1272 3199
167 1277 1450
168 1291 11338
169 1295 335
170 1300 806
171 1303 2933
172 1310 3790
173 1314 6018
174 1314 9571
175 1317 10563
176 1329 11132
177 1332 8803
178 1336 11072
179 1337 2180
180 1342 1168
181 1359 6361
182 1365 8873
183 1369 3721
184 1385 2184
185 1390 1646
186 1418 8461
187 1418 10837
188 1421 5832
189 1435 6160
190 1438 5516
191 1447 5709
192 1466 4420
193 1466 9754
194 1473 7290
195 1478 499
196 1478 10187
197 1479 10422
198 1481 10669
199 1484 5796
200 1501 3481
201 1503 5987
202 1506 8574
203 1521 8696
204 1536 6049
205 1537 7439
206 1542 8085
207 1552 78
208 1557 5447
209 1575 9296
210 1578 10880
211 1583 903
212 1586 6792
213 1589 9599
214 1600 2014
215 1602 10674
216 1618 4355
217 1623 10296
218 1627 6480
219 1628 1772
220 1640 9671
221 1653 10000
222 1664 2780
223 1688 5613
224 1701 6654
225 1716 3885
226 1733 1646
227 1737 7449
228 1739 516
229 1741 6422
230 1745 9569
231 1767 5815
232 1767 9013
233 1771 4546
234 1771 6602
235 1791 5735
236 1800 463
237 1814 3602
238 1818 2683
239 1818 4115
240 1821 10729
241 1826 9337
242 1827 3075
243 1827 9548
244 1837 5634
245 1841 7361
246 1843 1890
247 1851 948
248 1866 1073
249 1871 1189
250 1879 4440
251 1880 3893
252 1895 8995
253 1895 11106
254 1898 6441
255 1900 5096
256 1907 4481
257 1913 3245
258 1933 9903
259 1938 5227
260 1943 7380
261 1951 4671
262 1955 4168
263 1973 11018
264 1982 5336
265 1984 1966
266 1984 4529
267 1985 9525
268 1994 2672
269 2000 6118
270 2002 4971
271 2010 6417
272 2014 9713
273 2017 5295
274 2026 7193
275 2027 4466
276 2036 2588
277 2066 1121
278 2070 122
279 2082 7050
280 2090 5898
281 2109 6017
282 2125 607
283 2131 5944
284 2137 1503
285 2138 10647
286 2141 7223
287 2150 1342
288 2160 6420
289 2160 9837
290 2164 6611
291 2172 2124
292 2175 7165
293 2176 7464
294 2177 6191
295 2178 5049
296 2179 2901
297 2185 9223
298 2189 2741
299 2189 4985
300 2207 8227
301 2210 5471
302 2215 9805
303 2216 3874
304 2220 227
305 2221 8010
306 2244 2345
307 2261 9220
308 2268 1850
309 2274 6721
310 2279 2635
311 2289 622
312 2290 8296
313 2291 1646
314 2291 11343
315 2301 2613
316 2302 4026
317 2304 3435
318 2317 96
319 2330 3417
320 2334 4561
321 2343 11090
322 2344 9854
323 2353 4054
324 2353 6918
325 2364 4459
326 2372 8447
327 2378 3280
328 2380 3698
329 2403 8194
330 2412 5313
331 2416 6463
332 2433 9659
333 2442 3981
334 2447 5140
335 2450 163
336 2452 8055
337 2455 476
338 2462 9888
339 2463 9249
340 2466 8941
341 2467 7264
342 2479 7929
343 2483 3426
344 2484 4910
345 2495 8863
346 2504 3552
347 2510 948
348 2510 2013
349 2516 7306
350 2518 3273
351 2536 6035
352 2546 9510
353 2571 2500
354 2587 10043
355 2588 2492
356 2593 1604
357 2614 6698
358 2621 3969
359 2636 9375
360 2664 9842
361 2665 10610
362 2673 4732
363 2680 2901
364 2685 6328
365 2688 2885
366 2699 7869
367 2749 8082
368 2767 6199
369 2769 2210
370 2781 4389
371 2787 10809
372 2797 3388
373 2851 1623
374 2857 8776
375 2858 5916
376 2866 5351
377 2866 9968
378 2868 8870
379 2881 2888
380 2894 8480
381 2908 10015
382 2934 5849
383 2934 8363
384 2950 8272
385 2960 2175
386 2961 1712
387 2963 7231
388 2974 8462
389 2979 2266
390 2987 2450
391 2990 4050
392 2993 132
393 2997 11023
394 3003 6060
395 3006 6079
396 3013 6611
397 3031 2793
398 3031 10159
399 3037 10877
400 3041 4038
401 3042 9575
402 3060 5405
403 3071 8444
404 3073 2703
405 3075 6663
406 3079 2320
407 3081 11292
408 3087 1263
409 3095 213
410 3097 458
411 3098 6836
412 3106 5836
413 3110 6649
414 3111 5633
415 3117 1061
416 3125 9758
417 3135 1935
418 3143 435
419 3152 725
420 3156 5593
421 3163 8130
422 3169 2247
423 3170 4138
424 3181 7531
425 3184 10691
426 3186 5403
427 3191 9695
428 3203 83
429 3206 8880
430 3216 1987
431 3226 7234
432 3273 1952
433 3278 688
434 3280 10651
435 3285 5901
436 3290 2446
437 3303 8289
438 3311 899
439 3316 741
440 3325 7123
441 3326 7500
442 3327 6427
443 3346 5951
444 3352 1566
445 3356 6889
446 3362 1445
447 3365 1945
448 3367 8275
449 3367 10115
450 3391 4170
451 3394 4927
452 3395 7275
453 3397 8136
454 3406 6940
455 3409 8857
456 3412 1000
457 3418 9597
458 3422 7071
459 3443 9731
460 3447 6466
461 3448 5230
462 3448 8118
463 3474 11151
464 3506 9646
465 3515 10407
466 3516 672
467 3517 3420
468 3519 6499
469 3533 10769
470 3534 11269
471 3542 10614
472 3576 8252
473 3585 7816
474 3590 9842
475 3593 7987
476 3596 2456
477 3598 3750
478 3622 11061
479 3629 6474
480 3636 10902
481 3641 9258
482 3649 7143
483 3650 6888
484 3655 6406
485 3664 3228
486 3667 11221
487 3676 4285
488 3681 10680
489 3684 1418
490 3690 10080
491 3699 1026
492 3709 11164
493 3735 1599
494 3742 4619
495 3757 5640
496 3758 1548
497 3761 6778
498 3778 3911
499 3800 10983
500 3803 5791
501 3804 3415
502 3809 10367
503 3815 5923
504 3816 2184
505 3827 9212
506 3828 8220
507 3832 10504
508 3834 8222
509 3844 10799
510 3850 1641
511 3851 1556
512 3862 7039
513 3870 2661
514 3891 6770
515 3897 5396
516 3909 1981
517 3910 10269
518 3911 9836
519 3929 3209
520 3937 4125
521 3950 1792
522 3967 3945
523 3969 4717
524 3986 6773
525 3995 2894
526 4010 7251
527 4015 682
528 4017 8111
529 4019 3126
530 4038 2138
531 4042 9775
532 4049 6536
533 4056 7815
534 4069 1661
535 4071 3320
536 4074 8174
537 4082 6455
538 4084 5925
539 4095 3579
540 4097 9421
541 4098 8025
542 4109 2101
543 4110 6156
544 4111 7014
545 4112 3420
546 4112 6587
547 4117 10919
548 4125 4644
549 4136 10225
550 4148 7531
551 4148 11039
552 4149 10400
553 4152 4410
554 4162 2099
555 4167 7467
556 4169 9681
557 4181 9122
558 4184 5468
559 4190 5992
560 4191 2328
561 4200 1945
562 4203 7080
563 4219 6808
564 4235 1565
565 4249 10508
566 4253 9097
567 4259 10121
568 4261 8083
569 4263 2102
570 4275 3290
571 4283 1652
572 4285 5442
573 4296 4895
574 4300 9693
575 4308 5742
576 4317 5829
577 4320 2097
578 4325 623
579 4327 1675
580 4331 1582
581 4332 11309
582 4348 2629
583 4369 10544
584 4376 8305
585 4377 8314
586 4380 10739
587 4381 6469
588 4381 7367
589 4386 4914
590 4386 7271
591 4390 11232
592 4401 9063
593 4405 6746
594 4429 10162
595 4460 3820
596 4477 4936
597 4482 805
598 4484 9756
599 4504 9479
600 4516 7177
601 4524 5271
602 4554 5864
603 4566 1640
604 4570 2980
605 4576 1675
606 4577 4444
607 4583 2808
608 4596 6871
609 4602 4440
610 4604 2638
611 4606 4410
612 4606 7018
613 4610 2877
614 4622 2806
615 4628 5674
616 4643 3365
617 4648 6320
618 4651 7170
619 4661 1178
620 4666 7371
621 4668 10399
622 4671 11033
623 4675 8149
624 4685 1529
625 4688 4049
626 4693 9684
627 4693 10180
628 4695 10041
629 4703 3081
630 4709 2204
631 4710 10423
632 4716 7584
633 4719 4696
634 4724 2904
635 4739 4346
636 4742 1010
637 4747 10233
638 4747 11072
639 4750 1333
640 4754 10494
641 4759 7388
642 4765 6406
643 4768 6292
644 4770 235
645 4776 10908
646 4784 1192
647 4784 6617
648 4785 1474
649 4788 5267
650 4797 7217
651 4799 5439
652 4800 6904
653 4815 8942
654 4822 10548
655 4832 3702
656 4848 947
657 4853 2499
658 4853 6417
659 4881 9465
660 4882 8963
661 4886 4619
662 4887 5430
663 4900 446
664 4901 1687
665 4920 2481
666 4930 6894
667 4935 2788
668 4946 8445
669 4961 4313
670 4973 4054
671 4975 7578
672 4978 6831
673 4983 1433
674 4987 11179
675 4994 2802
676 4995 2191
677 5001 666
678 5012 2466
679 5013 3908
680 5015 5351
681 5018 3133
682 5026 9262
683 5053 8068
684 5055 3655
685 5064 221
686 5073 8608
687 5076 9438
688 5088 10184
689 5095 10296
690 5098 6440
691 5099 8507
692 5134 8365
693 5167 837
694 5170 9129
695 5173 1698
696 5180 10037
697 5188 6321
698 5195 5605
699 5195 8613
700 5205 9805
701 5223 3658
702 5228 10565
703 5235 331
704 5236 10904
705 5241 9671
706 5242 2880
707 5243 2106
708 5257 4232
709 5261 2559
710 5266 907
711 5268 3755
712 5272 2536
713 5280 9706
714 5295 1445
715 5305 855
716 5317 735
717 5329 10536
718 5335 2478
719 5336 508
720 5338 7783
721 5340 683
722 5340 3430
723 5346 8099
724 5362 9399
725 5364 9069
726 5365 6137
727 5370 7072
728 5386 2942
729 5388 10181
730 5389 9948
731 5391 9180
732 5402 696
733 5402 5366
734 5402 6304
735 5408 3125
736 5421 2022
737 5421 2132
738 5421 8901
739 5432 2450
740 5436 3440
741 5438 6078
742 5444 4638
743 5451 6073
744 5452 2108
745 5452 10926
746 5474 4402
747 5483 10264
748 5492 1949
749 5497 9009
750 5500 8419
751 5520 1586
752 5529 7538
753 5533 8935
754 5551 67
755 5560 11004
756 5563 6991
757 5569 10658
758 5578 10711
759 5579 8220
760 5588 765
761 5600 8873
762 5608 7271
763 5614 492
764 5615 7232
765 5617 9030
766 5619 8786
767 5622 6398
768 5631 737
769 5635 10042
770 5646 5669
771 5649 5553
772 5649 8780
773 5661 8801
774 5695 6200
775 5699 4180
776 5713 1213
777 5738 1417
778 5760 10894
779 5764 2703
780 5777 1517
781 5780 9493
782 5787 7759
783 5796 3707
784 5811 4798
785 5834 3287
786 5841 3293
787 5847 10007
788 5868 5875
789 5903 2794
790 5905 8176
791 5906 11110
792 5911 4825
793 5916 6804
794 5946 6925
795 5947 9338
796 5948 939
797 5951 3558
798 5952 10218
799 5963 2662
800 5967 7814
801 5968 712
802 5979 2919
803 5984 10231
804 5993 1923
805 5993 7698
806 5994 3546
807 6000 10720
808 6012 107
809 6019 6332
810 6040 10412
811 6052 3900
812 6065 5749
813 6067 805
814 6071 4171
815 6086 7240
816 6092 5204
817 6092 11021
818 6108 10274
819 6113 10204
820 6114 2202
821 6115 10931
822 6120 1447
823 6127 7021
824 6138 6394
825 6142 10571
826 6188 9900
827 6194 4695
828 6194 10516
829 6196 2440
830 6198 146
831 6234 7010
832 6249 8653
833 6250 7666
834 6251 6604
835 6259 10135
836 6267 3695
837 6274 4407
838 6274 7024
839 6276 7997
840 6289 469
841 6298 8419
842 6298 10134
843 6301 1548
844 6308 1006
845 6310 3331
846 6311 2084
847 6315 6700
848 6319 9378
849 6341 6708
850 6347 2318
851 6349 9097
852 6364 5615
853 6376 7960
854 6400 4798
855 6405 1204
856 6411 6178
857 6412 5966
858 6428 5016
859 6432 7411
860 6439 614
861 6447 4013
862 6454 7106
863 6474 2887
864 6480 7004
865 6485 3954
866 6497 2788
867 6501 2779
868 6509 1032
869 6528 4336
870 6528 6390
871 6533 6808
872 6536 4622
873 6549 9824
874 6553 3994
875 6560 10922
876 6563 5555
877 6570 8444
878 6575 636
879 6579 1611
880 6594 2585
881 6606 10139
882 6617 5992
883 6629 4663
884 6630 6094
885 6638 11036
886 6640 404
887 6641 2131
888 6644 7682
889 6653 7319
890 6657 165
891 6662 7997
892 6663 7886
893 6672 2691
894 6681 8179
895 6681 10104
896 6682 2999
897 6688 3442
898 6689 10750
899 6698 3455
900 6703 6336
901 6720 1843
902 6724 8320
903 6731 7963
904 6752 4059
905 6752 7629
906 6759 4147
907 6761 3013
908 6763 3786
909 6780 4204
910 6807 2409
911 6814 7643
912 6822 11239
913 6828 8914
914 6832 1821
915 6847 11263
916 6848 6305
917 6862 2685
918 6870 4176
919 6872 8739
920 6878 4941
921 6879 7558
922 6880 3935
923 6883 587
924 6886 10500
925 6905 9218
926 6907 870
927 6917 2401
928 6918 2094
929 6930 10122
930 6958 8806
931 6968 1088
932 6978 2649
933 6983 4703
934 6988 7235
935 6993 151
936 7004 1330
937 7005 2859
938 7032 10117
939 7035 6357
940 7037 8283
941 7038 6403
942 7046 949
943 7047 6331
944 7049 10922
945 7051 782
946 7052 8938
947 7055 587
948 7061 2633
949 7067 8845
950 7067 10266
951 7074 6085
952 7074 11145
953 7080 4934
954 7088 4985
955 7089 3659
956 7096 2521
957 7098 2311
958 7099 9821
959 7106 9013
960 7107 3451
961 7110 6969
962 7117 11076
963 7134 5326
964 7143 8098
965 7166 3129
966 7175 8863
967 7182 8837
968 7199 11155
969 7205 10232
970 7225 4954
971 7235 11230
972 7240 8231
973 7248 2747
974 7258 8988
975 7258 11323
976 7259 10581
977 7269 7951
978 7296 9187
979 7313 4974
980 7313 5730
981 7313 6049
982 7318 4846
983 7347 3955
984 7361 5262
985 7365 5599
986 7368 4014
987 7378 4363
988 7390 7765
989 7390 7863
990 7396 10693
991 7397 6579
992 7407 7315
993 7409 4469
994 7419 5496
995 7437 10977
996 7441 1782
997 7454 3657
998 7474 2412
999 7478 2877
1000 7482 4677
1001 7491 11098
1002 7506 11335
1003 7519 11029
1004 7520 965
1005 7541 5518
1006 7542 901
1007 7545 5039
1008 7552 2726
1009 7552 7374
1010 7555 4462
1011 7561 5859
1012 7565 2654
1013 7581 449
1014 7583 3848
1015 7588 2893
1016 7591 8435
1017 7600 49
1018 7611 10848
1019 7617 3624
1020 7631 1082
1021 7640 4021
1022 7653 7341
1023 7662 10022
1024 7672 390
1025 7696 7612
1026 7713 1827
1027 7730 8066
1028 7739 4176
1029 7741 2157
1030 7753 385
1031 7768 4948
1032 7776 1320
1033 7776 6559
1034 7781 6088
1035 7784 9832
1036 7792 11029
1037 7798 7887
1038 7800 712
1039 7800 10106
1040 7807 10000
1041 7830 6428
1042 7838 4162
1043 7845 2927
1044 7848 1795
1045 7848 2867
1046 7863 8979
1047 7867 3266
1048 7871 11348
1049 7874 11293
1050 7892 4043
1051 7894 2572
1052 7916 4605
1053 7952 1253
1054 7954 4576
1055 7964 3078
1056 7968 8335
1057 7988 760
1058 7999 874
1059 7999 8348
1060 8007 6675
1061 8020 1303
1062 8028 10433
1063 8029 5549
1064 8035 10084
1065 8038 7694
1066 8045 6418
1067 8046 1187
1068 8076 824
1069 8089 5638
1070 8093 1573
1071 8094 6026
1072 8103 1092
1073 8104 7311
1074 8108 10471
1075 8130 3165
1076 8140 400
1077 8141 10429
1078 8142 11283
1079 8150 1704
1080 8151 8473
1081 8159 9831
1082 8162 4929
1083 8164 8564
1084 8166 4803
1085 8172 1749
1086 8175 3588
1087 8183 3713
1088 8184 6012
1089 8195 8938
1090 8196 2786
1091 8199 7247
1092 8211 8262
1093 8219 11084
1094 8223 7071
1095 8252 6052
1096 8261 6841
1097 8262 642
1098 8264 9088
1099 8295 10228
1100 8299 4475
1101 8302 5302
1102 8302 6110
1103 8309 3714
1104 8311 3685
1105 8326 6855
1106 8338 10842
1107 8355 5372
1108 8363 8750
1109 8375 9380
1110 8391 10141
1111 8394 10986
1112 8397 6003
1113 8404 2733
1114 8416 8156
1115 8426 10945
1116 8436 10076
1117 8439 1076
1118 8450 613
1119 8454 5861
1120 8454 10889
1121 8456 506
1122 8465 556
1123 8469 4319
1124 8470 8552
1125 8484 3831
1126 8500 3234
1127 8506 10067
1128 8507 9063
1129 8517 2541
1130 8518 6229
1131 8540 5235
1132 8567 5324
1133 8570 8368
1134 8572 1323
1135 8579 6162
1136 8580 2768
1137 8589 7239
1138 8591 552
1139 8592 1820
1140 8593 5304
1141 8603 2527
1142 8611 1326
1143 8626 2731
1144 8638 5409
1145 8641 7584
1146 8649 5011
1147 8659 5253
1148 8661 9462
1149 8668 5604
1150 8682 9432
1151 8695 8002
1152 8697 917
1153 8697 9199
1154 8699 449
1155 8702 5122
1156 8712 5570
1157 8716 2416
1158 8719 9077
1159 8720 3109
1160 8723 781
1161 8726 9699
1162 8735 431
1163 8757 10408
1164 8758 4581
1165 8762 7266
1166 8767 5357
1167 8769 4173
1168 8776 4267
1169 8781 7874
1170 8784 10337
1171 8785 6319
1172 8797 10232
1173 8823 6899
1174 8830 8581
1175 8837 5636
1176 8842 4037
1177 8851 9869
1178 8853 10991
1179 8862 4347
1180 8867 4260
1181 8870 5431
1182 8870 11103
1183 8872 5981
1184 8880 3159
1185 8886 5419
1186 8890 5278
1187 8894 2732
1188 8908 5678
1189 8921 274
1190 8921 6256
1191 8924 4767
1192 8930 8684
1193 8935 9770
1194 8946 6405
1195 8951 6023
1196 8957 1952
1197 8957 6638
1198 8961 8017
1199 8968 2794
1200 8970 4542
1201 8976 4652
1202 8978 5656
1203 8982 5675
1204 9000 10588
1205 9013 3946
1206 9014 1186
1207 9018 6221
1208 9025 4656
1209 9027 1888
1210 9050 2957
1211 9051 11287
1212 9065 6322
1213 9070 4910
1214 9075 8655
1215 9092 6192
1216 9092 11037
1217 9105 10
1218 9112 6015
1219 9133 10681
1220 9141 4263
1221 9146 5069
1222 9155 8953
1223 9159 9249
1224 9166 10774
1225 9176 704
1226 9179 10374
1227 9183 5129
1228 9199 9265
1229 9201 2825
1230 9206 1417
1231 9211 3167
1232 9211 5086
1233 9213 140
1234 9240 8203
1235 9241 8995
1236 9244 6659
1237 9250 510
1238 9250 1432
1239 9252 2011
1240 9253 6891
1241 9254 4147
1242 9274 3251
1243 9275 1476
1244 9278 3476
1245 9279 2578
1246 9285 849
1247 9287 3867
1248 9288 5485
1249 9289 325
1250 9292 922
1251 9305 6816
1252 9315 951
1253 9324 3224
1254 9324 9646
1255 9333 1291
1256 9336 11000
1257 9342 7383
1258 9370 593
1259 9376 2602
1260 9398 5650
1261 9400 2149
1262 9409 6181
1263 9409 9851
1264 9422 10763
1265 9439 7601
1266 9450 6713
1267 9457 7422
1268 9461 10700
1269 9470 8587
1270 9479 3741
1271 9490 3392
1272 9492 926
1273 9494 3280
1274 9495 894
1275 9496 9117
1276 9503 9040
1277 9509 6512
1278 9528 8110
1279 9558 119
1280 9569 1056
1281 9572 9901
1282 9575 2495
1283 9582 665
1284 9597 4305
1285 9599 1583
1286 9609 4127
1287 9637 2201
1288 9639 9483
1289 9645 5716
1290 9655 7001
1291 9656 5656
1292 9666 7556
1293 9668 6062
1294 9686 10012
1295 9700 5983
1296 9703 2806
1297 9720 2750
1298 9728 5744
1299 9729 6871
1300 9737 2376
1301 9738 4605
1302 9767 6814
1303 9780 8163
1304 9790 3316
1305 9794 7169
1306 9810 7771
1307 9814 7576
1308 9821 9951
1309 9821 10613
1310 9828 8919
1311 9860 4181
1312 9861 6432
1313 9865 7975
1314 9873 1611
1315 9891 10004
1316 9896 2431
1317 9896 3928
1318 9913 5325
1319 9916 9562
1320 9924 7485
1321 9925 6612
1322 9929 10855
1323 9934 3264
1324 9958 7431
1325 9960 880
1326 9970 11008
1327 9973 2766
1328 9978 7357
1329 9984 108
1330 9990 664
1331 9992 9656
1332 9993 652
1333 9997 11028
1334 9999 623
1335 10017 10524
1336 10033 8309
1337 10034 7464
1338 10042 4183
1339 10047 2217
1340 10064 1634
1341 10099 508
1342 10120 779
1343 10121 7421
1344 10130 10709
1345 10137 5389
1346 10155 4925
1347 10159 6201
1348 10175 492
1349 10175 8712
1350 10176 562
1351 10187 7738
1352 10200 10692
1353 10208 6593
1354 10220 417
1355 10227 1491
1356 10235 3683
1357 10243 9412
1358 10248 2008
1359 10250 372
1360 10251 6919
1361 10254 3627
1362 10256 3268
1363 10256 6031
1364 10259 958
1365 10262 10268
1366 10264 1297
1367 10267 2994
1368 10280 7524
1369 10286 2582
1370 10291 10817
1371 10298 11213
1372 10302 4314
1373 10304 4281
1374 10309 10223
1375 10312 32
1376 10313 1434
1377 10317 10370
1378 10320 9694
1379 10328 5077
1380 10331 7996
1381 10360 1884
1382 10360 10879
1383 10367 3636
1384 10384 11053
1385 10391 2618
1386 10400 3546
1387 10401 4334
1388 10412 493
1389 10418 3029
1390 10422 3480
1391 10422 8497
1392 10428 810
1393 10442 9369
1394 10452 8117
1395 10454 7600
1396 10456 10158
1397 10469 7454
1398 10475 10903
1399 10506 2796
1400 10506 9421
1401 10510 3883
1402 10532 286
1403 10532 10684
1404 10533 1085
1405 10533 1753
1406 10538 3925
1407 10553 697
1408 10559 1933
1409 10565 8291
1410 10596 5892
1411 10598 2957
1412 10605 2744
1413 10612 11175
1414 10615 1146
1415 10622 10743
1416 10632 437
1417 10633 1094
1418 10635 407
1419 10654 708
1420 10674 2268
1421 10675 3600
1422 10682 6391
1423 10682 9298
1424 10683 7121
1425 10684 7091
1426 10686 8170
1427 10693 590
1428 10703 751
1429 10716 10707
1430 10722 4599
1431 10723 4607
1432 10728 10917
1433 10734 4413
1434 10748 5508
1435 10750 332
1436 10762 4630
1437 10766 9845
1438 10773 220
1439 10774 4761
1440 10801 10793
1441 10811 4220
1442 10815 10308
1443 10835 9580
1444 10862 3273
1445 10868 6234
1446 10881 111
1447 10887 6435
1448 10889 10172
1449 10905 9377
1450 10908 8927
1451 10913 72
1452 10927 9990
1453 10928 4694
1454 10935 9480
1455 10936 1028
1456 10944 6876
1457 10950 5254
1458 10954 5692
1459 10959 4480
1460 10974 9112
1461 10979 6058
1462 10990 1441
1463 10994 2647
1464 10996 3829
1465 11000 4694
1466 11000 7509
1467 11003 1073
1468 11012 5273
1469 11013 4312
1470 11018 4491
1471 11025 7474
1472 11029 10477
1473 11042 6560
1474 11050 8133
1475 11059 3275
1476 11067 8475
1477 11074 1969
1478 11100 5019
1479 11103 11225
1480 11107 9986
1481 11121 10176
1482 11141 7528
1483 11161 10227
1484 11165 5419
1485 11179 6135
1486 11180 2431
1487 11181 643
1488 11188 10283
1489 11194 3736
1490 11198 5905
1491 11206 2940
1492 11222 4386
1493 11226 1153
1494 11228 10589
1495 11238 10147
1496 11262 11147
1497 11266 1078
1498 11271 9693
1499 11272 9555
1500 11277 7398
1501 11283 5737
1502 11289 1478
1503 11290 6219
1504 11293 4415
1505 11300 3332
1506 11300 4582
1507 11300 7406
1508 11301 7706
1509 11304 182
1510 11322 10855
1511 11337 3334
1512 11349 1840
1513 11351 1590
1514 11355 9686