0 2146 16505
1 9 11530
2 14 9384
3 20 13538
4 23 11492
5 29 7371
6 33 5630
7 35 8754
8 48 4603
9 59 13750
10 75 3980
11 81 1175
12 85 7387
13 86 9238
14 99 4407
15 102 12292
16 102 16394
17 103 10038
18 108 10765
19 112 9406
20 114 8433
21 119 2196
22 122 3311
23 129 9376
24 135 8198
25 148 15201
26 149 9444
27 149 11663
28 168 10409
29 176 9150
30 183 2541
31 191 9829
32 203 4615
33 206 12919
34 208 9413
35 219 11581
36 219 13073
37 221 13061
38 232 1862
39 233 10078
40 233 12770
41 235 2925
42 235 14936
43 239 1212
44 243 13437
45 246 5421
46 258 9563
47 275 7112
48 278 4077
49 293 9700
50 297 5394
51 299 9478
52 307 7282
53 343 8422
54 345 9459
55 352 6106
56 357 7238
57 362 11148
58 382 14136
59 405 11400
60 410 9073
61 411 12433
62 411 14548
63 420 10060
64 431 14249
65 436 264
66 441 459
67 456 13777
68 463 16323
69 465 11295
70 465 12973
71 468 4501
72 469 16156
73 473 9509
74 481 439
75 506 13823
76 508 11877
77 514 2117
78 518 12029
79 536 480
80 543 9319
81 545 14198
82 547 3378
83 549 3365
84 556 16492
85 571 14700
86 574 5887
87 579 969
88 580 3637
89 596 1719
90 600 4034
91 608 8785
92 610 15809
93 614 16494
94 616 14053
95 623 5502
96 649 6905
97 665 6292
98 696 13649
99 717 5714
100 728 9524
101 741 9300
102 745 8620
103 748 3131
104 753 4456
105 754 6191
106 760 13318
107 782 1296
108 783 3673
109 789 4489
110 795 11720
111 797 13228
112 804 686
113 809 4514
114 818 13822
115 819 9192
116 821 3786
117 828 7974
118 835 9120
119 838 9662
120 841 1213
121 852 1809
122 854 10188
123 855 14745
124 857 10949
125 862 278
126 883 6606
127 912 8418
128 916 898
129 916 5140
130 921 1829
131 921 14326
132 933 14035
133 937 7670
134 943 8645
135 948 9503
136 948 12954
137 950 13126
138 951 3309
139 997 15739
140 1000 15585
141 1011 1407
142 1026 196
143 1032 4844
144 1039 15089
145 1040 8390
146 1040 14564
147 1045 10120
148 1046 9732
149 1054 5697
150 1060 1257
151 1070 9803
152 1087 4192
153 1090 9126
154 1093 12798
155 1104 11453
156 1125 8155
157 1126 14940
158 1130 4065
159 1134 2949
160 1134 4544
161 1148 13802
162 1163 504
163 1166 973
164 1168 14956
165 1169 2011
166 1169 4491
167 1169 9315
168 1189 13913
169 1191 10211
170 1208 16086
171 1216 1878
172 1219 3112
173 1230 4532
174 1236 6913
175 1238 5282
176 1240 8825
177 1247 3509
178 1251 4428
179 1256 1509
180 1281 4558
181 1281 10163
182 1285 8467
183 1303 2063
184 1305 15804
185 1334 4832
186 1350 15477
187 1359 7361
188 1366 1208
189 1373 16025
190 1379 12406
191 1383 12030
192 1385 8081
193 1388 12854
194 1391 5907
195 1402 11800
196 1420 14991
197 1426 10400
198 1435 5998
199 1441 2815
200 1454 15558
201 1463 5227
202 1469 2917
203 1470 15871
204 1472 8667
205 1482 9161
206 1483 5976
207 1500 11093
208 1505 11476
209 1524 14119
210 1527 3088
211 1539 3870
212 1539 10758
213 1540 4594
214 1542 10363
215 1551 735
216 1558 3802
217 1560 12388
218 1570 9485
219 1589 2002
220 1590 15095
221 1596 12209
222 1597 6429
223 1607 6862
224 1608 8700
225 1626 12849
226 1639 5417
227 1648 7488
228 1659 3018
229 1660 11932
230 1666 8625
231 1668 15659
232 1675 2903
233 1676 15955
234 1712 762
235 1713 11375
236 1721 6151
237 1721 10539
238 1722 14084
239 1726 13177
240 1727 13352
241 1746 2345
242 1749 9804
243 1758 14134
244 1762 12174
245 1765 6266
246 1785 1895
247 1789 9441
248 1797 12377
249 1811 10683
250 1814 15445
251 1823 12297
252 1837 11361
253 1847 14775
254 1865 11770
255 1869 8287
256 1877 4645
257 1887 12872
258 1894 4580
259 1933 9223
260 1943 8081
261 1947 326
262 1957 16278
263 1958 15844
264 1959 12068
265 1960 675
266 1966 13735
267 1968 9433
268 1971 13611
269 1976 11140
270 1980 432
271 1983 744
272 1997 1296
273 2008 9625
274 2011 13817
275 2020 14500
276 2028 8113
277 2036 6816
278 2038 15134
279 2052 9960
280 2060 1669
281 2062 4388
282 2065 12976
283 2081 528
284 2095 15235
285 2095 15256
286 2096 15219
287 2116 9848
288 2119 3772
289 2140 15027
290 2144 9260
291 2149 15658
292 2155 12277
293 2174 6092
294 2179 6587
295 2195 4770
296 2195 12629
297 2196 13113
298 2218 8784
299 2223 14079
300 2236 11891
301 2244 2915
302 2244 4399
303 2244 16259
304 2259 6448
305 2267 6251
306 2270 14507
307 2274 9876
308 2283 7031
309 2287 10488
310 2288 14214
311 2289 5624
312 2294 8623
313 2295 9607
314 2303 10657
315 2310 2930
316 2312 6806
317 2329 1004
318 2329 2602
319 2335 11142
320 2358 2773
321 2366 8603
322 2366 12195
323 2369 304
324 2369 10517
325 2370 10200
326 2380 8382
327 2388 12765
328 2390 4434
329 2390 13066
330 2404 13517
331 2421 14832
332 2432 2873
333 2439 2732
334 2470 10303
335 2481 11574
336 2502 5844
337 2519 10887
338 2521 7784
339 2535 8938
340 2542 13557
341 2560 2400
342 2565 15248
343 2566 9083
344 2571 5819
345 2573 7089
346 2574 4789
347 2584 14713
348 2591 8705
349 2597 16224
350 2599 6634
351 2604 7098
352 2639 3354
353 2640 5586
354 2663 15093
355 2688 14516
356 2691 4575
357 2698 14627
358 2699 153
359 2709 9833
360 2716 11696
361 2724 14470
362 2744 13040
363 2748 5124
364 2754 12023
365 2755 15362
366 2763 16421
367 2773 15507
368 2775 924
369 2787 14158
370 2796 2376
371 2805 13844
372 2822 5705
373 2826 1634
374 2828 10109
375 2830 5735
376 2837 9067
377 2844 7700
378 2846 7714
379 2847 16337
380 2848 6281
381 2852 15215
382 2854 12793
383 2857 16396
384 2863 13115
385 2871 16005
386 2901 3607
387 2902 12896
388 2903 1499
389 2910 244
390 2919 902
391 2921 5606
392 2923 9464
393 2923 12493
394 2926 15412
395 2929 11045
396 2936 1354
397 2938 14659
398 2943 610
399 2950 13547
400 2951 2497
401 2952 4506
402 2954 8987
403 2957 5203
404 2957 9662
405 2958 13897
406 2973 8246
407 2979 13557
408 2980 2094
409 2983 15104
410 2998 9687
411 3000 396
412 3000 2714
413 3010 2400
414 3013 12571
415 3022 11706
416 3025 12545
417 3030 1829
418 3032 12912
419 3033 726
420 3036 12307
421 3037 230
422 3055 11696
423 3067 2505
424 3069 12620
425 3069 13776
426 3071 711
427 3086 914
428 3089 14964
429 3095 13867
430 3107 7989
431 3119 15884
432 3123 6638
433 3123 13184
434 3159 15734
435 3183 2102
436 3184 10408
437 3185 5550
438 3187 14991
439 3192 4250
440 3201 14811
441 3228 11609
442 3251 8419
443 3261 7070
444 3267 13
445 3277 15659
446 3298 14075
447 3302 13338
448 3303 13528
449 3316 1103
450 3328 14030
451 3330 7997
452 3343 7691
453 3357 14826
454 3360 10316
455 3366 1044
456 3366 13394
457 3369 11954
458 3399 5324
459 3404 16456
460 3415 3868
461 3418 8913
462 3422 6563
463 3435 10092
464 3456 5611
465 3460 3086
466 3465 1122
467 3467 4828
468 3467 7218
469 3475 520
470 3475 2881
471 3489 4352
472 3493 9963
473 3496 7108
474 3519 11668
475 3526 10577
476 3530 5017
477 3550 15831
478 3552 12649
479 3556 14506
480 3557 13973
481 3559 8848
482 3559 15335
483 3565 10050
484 3567 13747
485 3568 164
486 3570 1459
487 3573 9004
488 3576 1843
489 3583 13483
490 3595 14402
491 3609 9302
492 3621 10368
493 3622 640
494 3634 12330
495 3644 3749
496 3652 4907
497 3693 14822
498 3694 10607
499 3698 14263
500 3717 1304
501 3729 12870
502 3729 15574
503 3730 2075
504 3734 2616
505 3759 3129
506 3766 1701
507 3772 7925
508 3787 5405
509 3793 1891
510 3800 15429
511 3818 14476
512 3828 7337
513 3843 154
514 3844 14366
515 3846 6820
516 3855 14779
517 3867 634
518 3873 14008
519 3890 5393
520 3901 13816
521 3929 13944
522 3973 10495
523 3978 8999
524 3989 14305
525 3995 2102
526 4000 14192
527 4012 7719
528 4017 563
529 4027 3615
530 4043 8600
531 4044 9354
532 4048 13407
533 4049 454
534 4054 13877
535 4071 12193
536 4078 9342
537 4079 13660
538 4087 8498
539 4094 482
540 4116 5297
541 4122 6395
542 4124 10341
543 4130 13118
544 4133 6242
545 4139 9231
546 4144 6526
547 4144 7338
548 4151 11220
549 4155 5458
550 4167 5631
551 4172 8398
552 4192 28
553 4195 11438
554 4196 12254
555 4197 12737
556 4197 15196
557 4214 11306
558 4215 2542
559 4216 4565
560 4221 15564
561 4232 13341
562 4240 146
563 4247 10356
564 4251 16245
565 4269 2631
566 4275 573
567 4275 14964
568 4276 803
569 4292 11420
570 4298 10256
571 4306 7963
572 4314 4194
573 4317 10505
574 4322 11034
575 4325 6262
576 4329 15667
577 4332 15285
578 4371 12312
579 4372 5596
580 4389 137
581 4389 4828
582 4395 7330
583 4396 1069
584 4400 2413
585 4402 5051
586 4405 10015
587 4406 8299
588 4406 11563
589 4418 6973
590 4423 7571
591 4427 1495
592 4449 9997
593 4451 14165
594 4456 8564
595 4457 7868
596 4476 2462
597 4489 5699
598 4490 14893
599 4498 1769
600 4500 7805
601 4514 5373
602 4519 10666
603 4524 14664
604 4527 11192
605 4532 5539
606 4533 14373
607 4544 5714
608 4567 13234
609 4567 14793
610 4569 5041
611 4571 1245
612 4577 1230
613 4582 4584
614 4587 9520
615 4588 8572
616 4602 3182
617 4602 14390
618 4610 8150
619 4613 16323
620 4618 5353
621 4623 9892
622 4633 11009
623 4635 10110
624 4644 15069
625 4650 13034
626 4657 13129
627 4664 11891
628 4679 1837
629 4679 7130
630 4683 3313
631 4700 6026
632 4709 11082
633 4715 5686
634 4758 6620
635 4772 6190
636 4775 14673
637 4792 8084
638 4796 13034
639 4799 14467
640 4807 9338
641 4813 4459
642 4817 6964
643 4824 14829
644 4826 12504
645 4836 8276
646 4838 7701
647 4839 13478
648 4859 15872
649 4861 8276
650 4865 2126
651 4878 3624
652 4882 3804
653 4885 2447
654 4892 6196
655 4899 4225
656 4901 3000
657 4939 15849
658 4945 9571
659 4951 4112
660 4967 4503
661 4968 8511
662 4974 4001
663 4976 10578
664 5000 803
665 5004 466
666 5012 11994
667 5014 5219
668 5016 5609
669 5023 4663
670 5025 15448
671 5050 13134
672 5059 30
673 5064 4133
674 5065 12806
675 5072 11618
676 5074 9222
677 5083 9472
678 5093 1753
679 5099 5191
680 5107 12951
681 5109 2777
682 5109 7674
683 5127 14742
684 5133 8537
685 5137 6981
686 5141 5600
687 5142 11113
688 5143 4860
689 5152 15538
690 5156 6184
691 5156 8073
692 5158 2132
693 5160 15500
694 5170 11776
695 5175 302
696 5194 2514
697 5194 9925
698 5194 15273
699 5226 8767
700 5239 4198
701 5261 12596
702 5285 12918
703 5306 4093
704 5313 14647
705 5316 5463
706 5334 4738
707 5344 12326
708 5347 15646
709 5369 3540
710 5373 8655
711 5375 3590
712 5379 3144
713 5388 5908
714 5395 3292
715 5401 10388
716 5412 5517
717 5421 2644
718 5438 13692
719 5442 3933
720 5443 1656
721 5443 12186
722 5452 7069
723 5462 7927
724 5463 13203
725 5464 4055
726 5472 895
727 5495 2174
728 5512 3044
729 5514 6165
730 5531 6992
731 5535 1297
732 5536 5230
733 5543 738
734 5545 13932
735 5550 1805
736 5560 5294
737 5564 8593
738 5570 14746
739 5590 9139
740 5592 10437
741 5594 7653
742 5610 10604
743 5612 313
744 5617 1966
745 5626 1741
746 5649 2448
747 5669 5292
748 5670 9568
749 5675 1045
750 5680 9392
751 5699 10434
752 5711 3253
753 5719 6403
754 5721 7489
755 5733 12833
756 5733 15568
757 5770 14208
758 5776 12866
759 5778 9161
760 5783 424
761 5784 11077
762 5784 14189
763 5787 15774
764 5797 5800
765 5804 11164
766 5808 11651
767 5819 15901
768 5825 15331
769 5833 3071
770 5858 10205
771 5864 15915
772 5867 8610
773 5870 2288
774 5874 3711
775 5883 2095
776 5895 7827
777 5896 2179
778 5900 12322
779 5916 5637
780 5933 5572
781 5936 7979
782 5950 825
783 5954 28
784 5957 12851
785 5966 8585
786 5968 2199
787 5968 6399
788 5973 7002
789 5977 1061
790 5980 1513
791 5993 1525
792 5999 10037
793 6001 15193
794 6003 9895
795 6016 4085
796 6018 6224
797 6022 3335
798 6022 15619
799 6031 7965
800 6042 7428
801 6044 13807
802 6051 7502
803 6066 228
804 6068 2369
805 6070 15192
806 6078 7021
807 6080 5413
808 6091 6024
809 6114 13123
810 6121 10163
811 6122 6901
812 6126 12217
813 6146 10469
814 6156 15608
815 6177 10283
816 6189 5990
817 6197 8265
818 6199 2530
819 6204 14140
820 6206 13820
821 6209 9348
822 6210 7372
823 6211 9225
824 6218 719
825 6223 54
826 6233 5315
827 6234 796
828 6241 6472
829 6255 14474
830 6272 7456
831 6277 12532
832 6280 9225
833 6293 5129
834 6304 12889
835 6311 4961
836 6311 15530
837 6320 5255
838 6333 3744
839 6338 4716
840 6359 2954
841 6359 9183
842 6359 9503
843 6363 6392
844 6376 11424
845 6378 15654
846 6389 7407
847 6392 13989
848 6406 1378
849 6410 9092
850 6422 16095
851 6426 12407
852 6427 2372
853 6429 14154
854 6443 2995
855 6446 7441
856 6456 1716
857 6475 5692
858 6492 10965
859 6497 2720
860 6503 7361
861 6505 12325
862 6511 13068
863 6517 6779
864 6518 6655
865 6527 4248
866 6529 659
867 6536 10948
868 6544 7911
869 6544 12354
870 6549 11185
871 6549 15363
872 6551 13908
873 6555 11515
874 6561 13862
875 6585 3153
876 6621 9070
877 6629 1891
878 6629 10105
879 6633 13855
880 6676 3280
881 6692 14030
882 6698 12678
883 6701 2951
884 6713 9965
885 6718 14148
886 6720 14596
887 6722 14759
888 6735 62
889 6741 14871
890 6754 7256
891 6755 16484
892 6787 6331
893 6792 14515
894 6798 10652
895 6802 7043
896 6810 15876
897 6816 266
898 6825 14103
899 6845 3235
900 6847 14954
901 6854 850
902 6855 4304
903 6857 10945
904 6865 5827
905 6868 2235
906 6883 1770
907 6886 15379
908 6889 14456
909 6897 5110
910 6903 11412
911 6905 11901
912 6910 15715
913 6912 2125
914 6916 14291
915 6925 10270
916 6927 9742
917 6931 6260
918 6933 10723
919 6943 4098
920 6944 2434
921 6946 14143
922 6949 12572
923 6955 690
924 6975 513
925 6978 10315
926 6981 9589
927 6994 15178
928 6996 14712
929 7019 5756
930 7019 12531
931 7024 7275
932 7025 9597
933 7026 15684
934 7030 6973
935 7035 13011
936 7070 16387
937 7083 11820
938 7086 6534
939 7095 13843
940 7116 3402
941 7118 9253
942 7118 9492
943 7122 13760
944 7135 10720
945 7137 12144
946 7149 541
947 7160 8637
948 7162 10004
949 7165 1661
950 7171 13816
951 7176 5591
952 7194 8862
953 7197 12918
954 7199 7970
955 7220 8442
956 7222 14568
957 7253 16129
958 7258 9574
959 7267 11116
960 7276 3150
961 7277 2756
962 7279 5286
963 7280 3663
964 7284 11724
965 7293 2284
966 7293 6777
967 7296 1901
968 7296 8982
969 7303 8349
970 7306 4245
971 7313 5410
972 7313 13938
973 7316 2273
974 7328 8652
975 7330 10717
976 7335 5593
977 7335 11082
978 7338 12663
979 7341 6749
980 7373 10890
981 7380 11031
982 7382 6373
983 7385 15708
984 7395 532
985 7403 11089
986 7409 4220
987 7415 9346
988 7417 10068
989 7431 14796
990 7438 8311
991 7439 3757
992 7439 15497
993 7439 16151
994 7460 16314
995 7463 2591
996 7469 15887
997 7481 4089
998 7498 9291
999 7501 1817
1000 7502 12336
1001 7509 14396
1002 7512 4719
1003 7518 10475
1004 7523 14201
1005 7524 1905
1006 7531 8619
1007 7539 7094
1008 7547 10755
1009 7557 9653
1010 7563 12475
1011 7593 16013
1012 7603 5367
1013 7607 1637
1014 7614 14309
1015 7615 13452
1016 7619 11710
1017 7627 5802
1018 7676 3562
1019 7680 11139
1020 7683 9292
1021 7691 3737
1022 7693 9045
1023 7726 4843
1024 7736 15974
1025 7737 16138
1026 7738 13232
1027 7743 13428
1028 7756 14431
1029 7757 3153
1030 7761 697
1031 7764 9982
1032 7767 4822
1033 7768 4892
1034 7786 1125
1035 7786 2578
1036 7787 4870
1037 7799 13631
1038 7810 13961
1039 7813 7904
1040 7815 13293
1041 7817 12981
1042 7826 15520
1043 7844 8170
1044 7858 10860
1045 7859 2820
1046 7860 1761
1047 7864 2507
1048 7867 8120
1049 7868 15480
1050 7891 9819
1051 7896 10916
1052 7901 16279
1053 7907 9956
1054 7907 12700
1055 7928 2239
1056 7930 9175
1057 7934 6206
1058 7937 377
1059 7976 5279
1060 7976 15947
1061 7989 5528
1062 7993 12298
1063 7994 1839
1064 8000 2482
1065 8000 12748
1066 8001 540
1067 8001 8028
1068 8004 13941
1069 8013 7076
1070 8027 15609
1071 8030 15974
1072 8037 10751
1073 8053 6539
1074 8058 5193
1075 8061 4319
1076 8069 9348
1077 8083 14893
1078 8086 866
1079 8092 9879
1080 8103 12458
1081 8105 13692
1082 8105 15043
1083 8128 15985
1084 8130 2505
1085 8138 5702
1086 8157 4701
1087 8168 8674
1088 8168 10000
1089 8177 11660
1090 8187 2999
1091 8187 10545
1092 8201 2762
1093 8217 336
1094 8234 10731
1095 8235 5817
1096 8243 15885
1097 8257 16376
1098 8282 10630
1099 8291 5358
1100 8295 12540
1101 8302 868
1102 8306 12238
1103 8314 14930
1104 8327 12278
1105 8335 7930
1106 8336 1397
1107 8339 14098
1108 8340 12223
1109 8350 13357
1110 8360 6927
1111 8370 12119
1112 8377 5031
1113 8391 6734
1114 8393 4133
1115 8398 9548
1116 8408 8720
1117 8412 10663
1118 8417 4030
1119 8422 11683
1120 8430 7095
1121 8431 1564
1122 8431 3777
1123 8435 15975
1124 8453 16074
1125 8466 1414
1126 8466 4515
1127 8483 13010
1128 8492 15915
1129 8505 7195
1130 8530 14402
1131 8531 9186
1132 8534 2097
1133 8537 9703
1134 8539 7727
1135 8541 14772
1136 8554 9939
1137 8556 1616
1138 8560 15343
1139 8561 1072
1140 8565 493
1141 8566 7184
1142 8584 4829
1143 8588 7084
1144 8594 9716
1145 8600 2793
1146 8603 13218
1147 8605 7980
1148 8647 7839
1149 8654 7200
1150 8659 6266
1151 8664 1877
1152 8665 1450
1153 8673 5345
1154 8673 9072
1155 8682 6442
1156 8687 13966
1157 8689 15909
1158 8693 4160
1159 8699 2872
1160 8700 438
1161 8710 8504
1162 8714 1620
1163 8716 7976
1164 8716 11225
1165 8719 12734
1166 8722 954
1167 8735 5540
1168 8741 8926
1169 8742 6148
1170 8748 7516
1171 8750 9549
1172 8754 11252
1173 8775 13256
1174 8797 16038
1175 8821 6857
1176 8845 4181
1177 8845 10359
1178 8850 8068
1179 8869 16236
1180 8872 15506
1181 8874 4514
1182 8886 10396
1183 8894 8275
1184 8896 4520
1185 8904 2923
1186 8917 10860
1187 8930 8686
1188 8934 16284
1189 8938 6587
1190 8944 13019
1191 8945 11862
1192 8949 11276
1193 8955 3498
1194 8960 13355
1195 8961 5874
1196 8965 4868
1197 8974 13715
1198 8985 3863
1199 8988 6916
1200 8991 14371
1201 8994 1959
1202 9011 11839
1203 9027 2303
1204 9035 6283
1205 9047 9716
1206 9049 14054
1207 9062 2031
1208 9089 2813
1209 9096 15149
1210 9106 12726
1211 9116 5566
1212 9124 6322
1213 9126 7027
1214 9143 9080
1215 9160 2050
1216 9171 14005
1217 9208 12663
1218 9214 13692
1219 9215 5064
1220 9220 3200
1221 9220 10214
1222 9228 6017
1223 9232 8176
1224 9242 13967
1225 9250 13946
1226 9254 11887
1227 9255 9003
1228 9257 4534
1229 9264 3063
1230 9271 60
1231 9273 5403
1232 9274 9927
1233 9277 10252
1234 9284 15309
1235 9286 9714
1236 9288 3361
1237 9294 10434
1238 9310 5259
1239 9318 14216
1240 9320 4379
1241 9325 13040
1242 9336 13905
1243 9351 3773
1244 9358 9659
1245 9360 16217
1246 9362 4861
1247 9384 11229
1248 9386 10118
1249 9404 8619
1250 9404 10351
1251 9406 3629
1252 9417 8504
1253 9431 11699
1254 9435 13665
1255 9441 6165
1256 9473 97
1257 9484 16139
1258 9510 1718
1259 9518 4197
1260 9524 847
1261 9531 1319
1262 9543 6700
1263 9544 11301
1264 9545 5302
1265 9549 135
1266 9560 9211
1267 9565 10081
1268 9577 12092
1269 9588 6119
1270 9589 662
1271 9598 12015
1272 9600 15892
1273 9621 6594
1274 9625 12850
1275 9628 11298
1276 9634 5352
1277 9635 225
1278 9682 1939
1279 9690 6965
1280 9695 12257
1281 9710 1170
1282 9710 13149
1283 9721 10110
1284 9722 4082
1285 9728 9711
1286 9738 709
1287 9750 7618
1288 9752 4948
1289 9755 6137
1290 9773 9318
1291 9775 8830
1292 9780 14591
1293 9783 11462
1294 9791 13682
1295 9792 8676
1296 9793 4134
1297 9795 15817
1298 9798 2864
1299 9810 15561
1300 9819 9803
1301 9820 12358
1302 9827 7213
1303 9836 744
1304 9866 10720
1305 9874 13557
1306 9876 11528
1307 9877 12372
1308 9879 9224
1309 9894 15555
1310 9896 5224
1311 9904 15249
1312 9911 10119
1313 9915 13450
1314 9923 15219
1315 9933 14377
1316 9934 1902
1317 9957 2940
1318 9961 12176
1319 9966 1906
1320 9967 4735
1321 9969 7401
1322 9981 8891
1323 9984 4604
1324 10000 14982
1325 10009 5787
1326 10009 6850
1327 10026 9694
1328 10035 535
1329 10038 2955
1330 10052 4446
1331 10054 5030
1332 10056 6965
1333 10083 1272
1334 10088 5558
1335 10095 13436
1336 10098 6220
1337 10109 3549
1338 10121 4501
1339 10124 12437
1340 10131 14623
1341 10132 15401
1342 10144 4494
1343 10146 4391
1344 10160 11540
1345 10162 5596
1346 10166 13420
1347 10167 6774
1348 10176 12968
1349 10182 13668
1350 10184 4980
1351 10184 13317
1352 10185 15306
1353 10192 3620
1354 10203 1533
1355 10205 8107
1356 10219 3224
1357 10220 13356
1358 10222 11234
1359 10223 10828
1360 10224 14155
1361 10242 387
1362 10242 5379
1363 10249 7096
1364 10250 10011
1365 10264 14742
1366 10274 9007
1367 10276 15349
1368 10281 14082
1369 10282 11046
1370 10305 10579
1371 10311 15004
1372 10319 15016
1373 10322 6036
1374 10323 399
1375 10327 14277
1376 10355 10946
1377 10359 5672
1378 10360 3281
1379 10362 15112
1380 10371 14381
1381 10373 13267
1382 10416 6709
1383 10420 1643
1384 10425 15524
1385 10426 3775
1386 10454 11277
1387 10477 11164
1388 10485 898
1389 10497 13932
1390 10520 927
1391 10531 1098
1392 10535 16082
1393 10536 385
1394 10556 14840
1395 10573 6224
1396 10576 7563
1397 10587 8819
1398 10599 14745
1399 10610 2308
1400 10612 6638
1401 10623 2320
1402 10625 10882
1403 10639 11603
1404 10644 7594
1405 10648 12530
1406 10650 1065
1407 10654 11379
1408 10681 9779
1409 10681 10560
1410 10692 221
1411 10698 770
1412 10698 8402
1413 10702 12396
1414 10706 2639
1415 10708 5731
1416 10720 11829
1417 10754 9232
1418 10759 15916
1419 10763 9988
1420 10788 15763
1421 10805 13445
1422 10807 6089
1423 10809 10549
1424 10814 11174
1425 10814 16413
1426 10845 12499
1427 10849 10505
1428 10870 6577
1429 10873 14984
1430 10876 7677
1431 10877 8181
1432 10884 11076
1433 10887 12817
1434 10887 14330
1435 10890 927
1436 10897 5554
1437 10902 8571
1438 10905 7027
1439 10906 738
1440 10907 162
1441 10915 14537
1442 10982 2194
1443 10999 831
1444 11002 9297
1445 11007 7395
1446 11011 12840
1447 11014 8160
1448 11036 7746
1449 11042 1226
1450 11045 9872
1451 11046 489
1452 11047 4208
1453 11050 16219
1454 11087 12868
1455 11099 72
1456 11100 16070
1457 11103 12692
1458 11107 1858
1459 11125 12873
1460 11129 3747
1461 11134 13934
1462 11136 450
1463 11147 6100
1464 11156 3242
1465 11159 15955
1466 11164 9108
1467 11165 10992
1468 11170 2181
1469 11183 14007
1470 11198 3931
1471 11199 13179
1472 11208 12949
1473 11215 1249
1474 11218 15253
1475 11229 4528
1476 11236 1790
1477 11236 16442
1478 11240 8123
1479 11251 4193
1480 11264 6218
1481 11287 6220
1482 11302 7001
1483 11310 703
1484 11317 9270
1485 11324 10233
1486 11330 2121
1487 11331 3328
1488 11333 8767
1489 11333 11929
1490 11336 3469
1491 11351 952
1492 11364 6109
1493 11365 2595
1494 11375 12085
1495 11394 9805
1496 11410 14664
1497 11427 9533
1498 11443 10541
1499 11444 1400
1500 11447 12320
1501 11485 7340
1502 11488 12828
1503 11512 4856
1504 11520 14463
1505 11533 5000
1506 11534 1885
1507 11535 6282
1508 11535 16115
1509 11550 11761
1510 11551 2155
1511 11557 8525
1512 11559 6351
1513 11565 11329
1514 11575 7650
1515 11594 15030
1516 11616 5299
1517 11633 1025
1518 11646 8481
1519 11650 15570
1520 11651 10784
1521 11655 6981
1522 11658 12829
1523 11659 6600
1524 11668 8363
1525 11670 1641
1526 11676 7286
1527 11677 12462
1528 11687 11559
1529 11702 5701
1530 11703 1342
1531 11711 9016
1532 11711 11152
1533 11714 11317
1534 11747 12046
1535 11748 8387
1536 11755 14119
1537 11763 2555
1538 11764 13098
1539 11764 16220
1540 11765 12168
1541 11765 13986
1542 11768 10244
1543 11771 16282
1544 11785 7752
1545 11786 12821
1546 11789 7442
1547 11793 13373
1548 11827 10963
1549 11829 12281
1550 11845 9349
1551 11864 9211
1552 11878 11687
1553 11902 6898
1554 11918 4675
1555 11942 11937
1556 11954 6391
1557 11960 934
1558 11966 5883
1559 11985 1591
1560 11986 13262
1561 12004 6001
1562 12010 6308
1563 12010 11480
1564 12015 2540
1565 12023 811
1566 12027 4142
1567 12034 10697
1568 12040 11265
1569 12043 2757
1570 12045 657
1571 12064 14536
1572 12069 10758
1573 12072 9397
1574 12073 12438
1575 12081 998
1576 12088 15836
1577 12128 1689
1578 12136 1677
1579 12152 662
1580 12152 2674
1581 12153 14446
1582 12160 13991
1583 12161 7032
1584 12171 15322
1585 12174 13317
1586 12181 530
1587 12204 3610
1588 12262 1829
1589 12272 1945
1590 12287 10056
1591 12307 6832
1592 12307 12565
1593 12310 10859
1594 12327 4843
1595 12330 6492
1596 12335 15926
1597 12337 4057
1598 12340 5805
1599 12347 423
1600 12370 3425
1601 12373 12995
1602 12382 16145
1603 12390 11566
1604 12393 3938
1605 12397 5877
1606 12397 6764
1607 12404 9405
1608 12410 16066
1609 12416 6063
1610 12421 1968
1611 12431 11489
1612 12432 15536
1613 12443 763
1614 12452 6638
1615 12453 12774
1616 12455 8631
1617 12466 259
1618 12470 10510
1619 12472 5075
1620 12478 10840
1621 12491 1658
1622 12495 4558
1623 12498 9681
1624 12498 11444
1625 12519 11956
1626 12524 16118
1627 12526 9221
1628 12528 14493
1629 12537 2733
1630 12538 1002
1631 12542 15834
1632 12552 9375
1633 12553 4158
1634 12554 10502
1635 12559 11879
1636 12565 5542
1637 12587 1998
1638 12594 2579
1639 12595 11632
1640 12602 8875
1641 12621 9927
1642 12637 13983
1643 12644 3149
1644 12647 13090
1645 12653 11679
1646 12659 12212
1647 12669 11964
1648 12673 6905
1649 12677 6599
1650 12677 7433
1651 12683 10184
1652 12688 2567
1653 12698 16107
1654 12701 11746
1655 12706 7272
1656 12728 9829
1657 12734 10099
1658 12735 16410
1659 12738 7304
1660 12739 1375
1661 12743 9803
1662 12745 4091
1663 12746 13416
1664 12748 12014
1665 12770 12028
1666 12774 9196
1667 12784 6558
1668 12784 14451
1669 12792 7944
1670 12798 6260
1671 12801 14663
1672 12803 10680
1673 12816 8905
1674 12822 8076
1675 12825 612
1676 12825 685
1677 12837 10968
1678 12843 6006
1679 12855 14872
1680 12858 367
1681 12869 12182
1682 12875 11213
1683 12886 2956
1684 12900 12408
1685 12902 5875
1686 12903 2054
1687 12936 7885
1688 12938 163
1689 12945 3001
1690 12951 10033
1691 12959 6482
1692 12959 15077
1693 12970 16146
1694 12975 13778
1695 12996 7640
1696 13003 5679
1697 13022 12092
1698 13023 5094
1699 13023 11847
1700 13025 8036
1701 13027 6704
1702 13027 8576
1703 13033 8704
1704 13037 1608
1705 13040 10019
1706 13052 15570
1707 13065 5755
1708 13066 8364
1709 13079 3768
1710 13079 4808
1711 13094 12030
1712 13096 13780
1713 13101 8603
1714 13101 12978
1715 13106 8440
1716 13127 14985
1717 13135 4920
1718 13149 5027
1719 13152 13921
1720 13154 11066
1721 13162 11574
1722 13163 5720
1723 13187 10116
1724 13196 14366
1725 13206 899
1726 13214 3561
1727 13224 8736
1728 13234 9040
1729 13236 11888
1730 13243 1026
1731 13247 1961
1732 13247 11427
1733 13249 1772
1734 13250 3923
1735 13274 2233
1736 13281 709
1737 13291 2878
1738 13299 3121
1739 13300 4147
1740 13308 16135
1741 13310 6497
1742 13311 13438
1743 13323 13987
1744 13326 7855
1745 13328 16195
1746 13329 11670
1747 13337 9301
1748 13338 16121
1749 13344 15800
1750 13355 13255
1751 13362 7296
1752 13371 1780
1753 13373 9903
1754 13379 5455
1755 13383 8494
1756 13387 10093
1757 13400 6618
1758 13411 3371
1759 13418 13209
1760 13460 15741
1761 13465 11585
1762 13477 15896
1763 13493 12516
1764 13494 13353
1765 13510 8183
1766 13520 6122
1767 13524 2769
1768 13535 2528
1769 13535 8255
1770 13551 7536
1771 13553 6375
1772 13557 5729
1773 13564 6634
1774 13566 12511
1775 13569 1741
1776 13571 10412
1777 13577 9186
1778 13579 10103
1779 13601 2160
1780 13603 8633
1781 13608 9086
1782 13620 12918
1783 13622 2036
1784 13625 12582
1785 13631 2741
1786 13642 11209
1787 13650 366
1788 13651 7997
1789 13666 6228
1790 13666 7495
1791 13673 9382
1792 13686 14614
1793 13713 7255
1794 13728 15090
1795 13730 14454
1796 13733 12099
1797 13749 14646
1798 13807 2886
1799 13822 16342
1800 13829 950
1801 13837 1780
1802 13838 15834
1803 13844 94
1804 13846 2082
1805 13852 15535
1806 13856 12293
1807 13880 7469
1808 13883 7629
1809 13900 11044
1810 13906 15132
1811 13916 13685
1812 13926 10882
1813 13935 6088
1814 13949 11343
1815 13950 4685
1816 13952 16118
1817 13956 6123
1818 13968 9677
1819 13981 7057
1820 13983 826
1821 14000 2061
1822 14021 7607
1823 14028 651
1824 14041 11250
1825 14047 4074
1826 14057 11496
1827 14067 11585
1828 14081 3823
1829 14085 16178
1830 14091 11301
1831 14097 5978
1832 14101 2753
1833 14116 10263
1834 14131 2018
1835 14133 7973
1836 14158 7165
1837 14162 5032
1838 14172 13233
1839 14177 5276
1840 14183 6704
1841 14190 15516
1842 14193 13096
1843 14200 14308
1844 14203 12689
1845 14225 11646
1846 14229 6976
1847 14231 5684
1848 14236 11874
1849 14240 369
1850 14251 15562
1851 14258 9257
1852 14260 12451
1853 14268 10924
1854 14270 13412
1855 14289 1979
1856 14297 9751
1857 14301 5041
1858 14310 7689
1859 14315 6442
1860 14341 8387
1861 14342 13707
1862 14344 4561
1863 14350 14460
1864 14355 249
1865 14373 5349
1866 14376 10420
1867 14382 8355
1868 14387 12351
1869 14392 5972
1870 14392 11281
1871 14393 6046
1872 14398 13280
1873 14398 15471
1874 14400 6609
1875 14421 6408
1876 14422 13273
1877 14425 6547
1878 14440 5504
1879 14442 13651
1880 14452 11547
1881 14470 14003
1882 14474 14037
1883 14496 14526
1884 14503 3738
1885 14518 4727
1886 14529 5540
1887 14531 10649
1888 14541 14139
1889 14551 8364
1890 14553 1462
1891 14558 10354
1892 14558 16277
1893 14569 6101
1894 14572 13135
1895 14587 2783
1896 14613 16330
1897 14617 13817
1898 14637 9240
1899 14651 6083
1900 14666 6262
1901 14668 14427
1902 14669 14397
1903 14676 4984
1904 14696 2069
1905 14702 12777
1906 14709 10628
1907 14710 1211
1908 14721 3263
1909 14723 8688
1910 14723 13633
1911 14725 13317
1912 14741 6592
1913 14741 7874
1914 14753 9881
1915 14765 1258
1916 14773 11856
1917 14782 15293
1918 14786 3924
1919 14789 2245
1920 14793 1140
1921 14798 14875
1922 14802 7730
1923 14805 10587
1924 14814 7474
1925 14821 13151
1926 14832 2516
1927 14836 3879
1928 14836 10592
1929 14841 4372
1930 14853 8541
1931 14877 7755
1932 14877 8143
1933 14890 14877
1934 14892 3165
1935 14899 229
1936 14900 1758
1937 14927 5049
1938 14942 85
1939 14952 13522
1940 14957 5901
1941 14970 15680
1942 14974 174
1943 14976 9999
1944 15014 3736
1945 15019 9804
1946 15044 12346
1947 15045 3964
1948 15045 7553
1949 15049 233
1950 15049 3392
1951 15054 8470
1952 15075 14880
1953 15080 2518
1954 15083 4001
1955 15104 4518
1956 15113 9500
1957 15118 9953
1958 15134 7848
1959 15134 8218
1960 15139 3245
1961 15139 6897
1962 15144 7173
1963 15147 14610
1964 15149 13982
1965 15158 11664
1966 15160 3147
1967 15164 5443
1968 15168 4594
1969 15177 16381
1970 15183 8291
1971 15186 8839
1972 15189 7398
1973 15219 5634
1974 15229 7591
1975 15232 5856
1976 15233 15339
1977 15237 12146
1978 15251 7558
1979 15251 15007
1980 15255 16066
1981 15256 14929
1982 15263 2835
1983 15274 7452
1984 15283 2942
1985 15303 11733
1986 15309 9445
1987 15322 198
1988 15336 6827
1989 15347 2227
1990 15351 6165
1991 15361 5361
1992 15365 10211
1993 15368 13386
1994 15380 12635
1995 15390 5533
1996 15427 9517
1997 15430 6139
1998 15432 15867
1999 15433 15321
2000 15439 3756
2001 15447 15402
2002 15449 7212
2003 15451 16303
2004 15466 12714
2005 15474 7095
2006 15474 15318
2007 15475 5747
2008 15476 7173
2009 15476 7444
2010 15476 11820
2011 15492 12414
2012 15505 12622
2013 15514 15599
2014 15519 1647
2015 15522 8620
2016 15528 12670
2017 15530 14869
2018 15545 2345
2019 15557 1302
2020 15575 313
2021 15577 8844
2022 15578 12677
2023 15592 372
2024 15609 5485
2025 15614 2180
2026 15618 13317
2027 15628 4646
2028 15636 12060
2029 15637 4596
2030 15639 11098
2031 15643 1231
2032 15652 16042
2033 15661 1712
2034 15661 9522
2035 15664 4547
2036 15676 7314
2037 15683 5914
2038 15686 5008
2039 15688 3510
2040 15692 6900
2041 15696 11796
2042 15709 1020
2043 15712 14129
2044 15719 12889
2045 15726 6555
2046 15727 1142
2047 15727 8933
2048 15728 10225
2049 15731 4903
2050 15748 1025
2051 15755 9941
2052 15766 6154
2053 15777 30
2054 15783 645
2055 15785 5842
2056 15785 6894
2057 15813 15716
2058 15822 9989
2059 15827 12723
2060 15832 2251
2061 15835 15733
2062 15838 4000
2063 15839 8645
2064 15841 13579
2065 15845 11331
2066 15853 10404
2067 15856 16400
2068 15858 7916
2069 15863 12745
2070 15863 13561
2071 15867 10264
2072 15868 13507
2073 15868 13840
2074 15878 9634
2075 15889 2175
2076 15914 5967
2077 15928 7856
2078 15932 5525
2079 15937 363
2080 15943 8286
2081 15946 2630
2082 15954 5060
2083 15957 16392
2084 15964 6618
2085 15981 4885
2086 15982 3508
2087 15993 608
2088 16010 3554
2089 16023 6932
2090 16043 14184
2091 16047 5248
2092 16074 3299
2093 16087 3873
2094 16092 5762
2095 16095 6795
2096 16095 7148
2097 16107 12055
2098 16120 1710
2099 16123 6137
2100 16124 6927
2101 16130 15355
2102 16152 11361
2103 16157 14365
2104 16160 10739
2105 16186 8691
2106 16191 1130
2107 16200 15882
2108 16206 13041
2109 16210 957
2110 16221 2407
2111 16228 14184
2112 16240 14225
2113 16277 13391
2114 16286 3521
2115 16286 11061
2116 16308 2265
2117 16308 5774
2118 16310 5994
2119 16311 4949
2120 16314 15921
2121 16315 8812
2122 16335 1151
2123 16343 16360
2124 16350 14402
2125 16354 15062
2126 16357 59
2127 16357 4257
2128 16366 11931
2129 16375 8269
2130 16384 8877
2131 16389 5767
2132 16410 9003
2133 16426 3942
2134 16426 14162
2135 16431 9501
2136 16444 13290
2137 16445 15084
2138 16446 8956
2139 16447 7668
2140 16448 9883
2141 16461 10602
2142 16466 16081
2143 16469 11031
2144 16491 4738
2145 16498 11787
2146 16502 5158