0 1067 7826
1 7 4473
2 15 4666
3 17 5957
4 32 6420
5 32 7584
6 35 6756
7 54 2106
8 56 6367
9 57 7058
10 67 438
11 72 4250
12 75 3822
13 79 5933
14 81 5411
15 87 4780
16 99 1941
17 100 4345
18 102 7675
19 108 3998
20 112 3912
21 113 2777
22 143 6742
23 143 6816
24 160 2731
25 166 1502
26 173 4745
27 177 4210
28 179 3420
29 192 1974
30 205 2476
31 223 3277
32 229 6910
33 239 175
34 242 7674
35 248 5256
36 249 4862
37 275 734
38 275 4407
39 276 6001
40 301 5591
41 335 7048
42 337 7281
43 357 2138
44 398 4597
45 413 3276
46 417 2316
47 424 2118
48 424 4720
49 431 2454
50 433 6233
51 445 5525
52 458 3570
53 516 4690
54 523 5553
55 532 2255
56 535 2340
57 542 2301
58 555 2017
59 555 7085
60 556 7688
61 558 3232
62 563 105
63 573 6690
64 582 4033
65 592 3900
66 593 4442
67 622 7109
68 624 7634
69 640 2044
70 642 1883
71 643 55
72 648 1213
73 654 377
74 661 1409
75 672 1056
76 675 6588
77 686 991
78 691 1554
79 697 70
80 714 2418
81 718 4594
82 718 5072
83 732 6802
84 739 961
85 758 5566
86 769 300
87 774 5460
88 775 6436
89 778 1840
90 782 3918
91 783 4795
92 784 1402
93 786 6064
94 791 7111
95 793 1840
96 796 2924
97 802 2429
98 815 2318
99 821 6699
100 822 171
101 851 5118
102 854 1783
103 859 2707
104 867 4847
105 873 3596
106 880 7361
107 889 1747
108 889 4580
109 895 642
110 898 5099
111 907 720
112 907 3339
113 908 4021
114 924 3315
115 928 1058
116 935 241
117 947 5264
118 967 6575
119 969 4467
120 980 2369
121 988 2929
122 994 1943
123 994 3057
124 1004 2995
125 1006 1479
126 1009 5068
127 1012 368
128 1017 5057
129 1035 3437
130 1042 4551
131 1045 6994
132 1052 1896
133 1058 7149
134 1078 3420
135 1079 6225
136 1090 3109
137 1104 906
138 1106 6010
139 1112 105
140 1131 4786
141 1133 221
142 1134 1849
143 1143 6190
144 1156 3916
145 1162 4671
146 1167 7605
147 1168 7821
148 1171 5949
149 1216 3588
150 1222 7543
151 1225 3393
152 1229 3670
153 1230 3940
154 1245 4712
155 1256 5656
156 1263 1633
157 1264 1767
158 1265 6232
159 1268 3364
160 1277 50
161 1286 7711
162 1295 6984
163 1316 1861
164 1318 6600
165 1320 319
166 1325 5532
167 1325 7760
168 1352 6998
169 1366 3887
170 1373 4065
171 1373 5868
172 1374 3785
173 1380 6506
174 1388 1358
175 1405 5978
176 1410 1573
177 1411 7703
178 1432 4596
179 1433 3049
180 1444 6335
181 1450 3717
182 1467 2742
183 1474 1716
184 1491 685
185 1493 7498
186 1497 5229
187 1509 4040
188 1521 7205
189 1526 5923
190 1544 7626
191 1545 5744
192 1550 594
193 1554 3360
194 1574 2816
195 1575 5829
196 1583 2590
197 1585 1553
198 1595 171
199 1599 4413
200 1611 6668
201 1617 3826
202 1621 2241
203 1627 6176
204 1631 302
205 1644 1458
206 1650 791
207 1650 3371
208 1652 6394
209 1655 6664
210 1656 2161
211 1670 6863
212 1683 7388
213 1687 2281
214 1707 5339
215 1708 613
216 1717 5962
217 1734 2670
218 1744 4220
219 1753 4162
220 1756 3665
221 1758 680
222 1762 7112
223 1767 1631
224 1770 4247
225 1775 374
226 1783 7723
227 1793 2789
228 1796 1756
229 1797 1026
230 1804 6201
231 1818 5757
232 1820 597
233 1821 7584
234 1822 2514
235 1827 6979
236 1832 268
237 1834 4276
238 1840 3233
239 1848 3453
240 1859 3061
241 1866 7798
242 1875 4559
243 1877 5221
244 1881 4597
245 1882 5351
246 1890 2262
247 1893 7811
248 1895 6121
249 1900 5585
250 1902 6702
251 1915 4998
252 1917 4696
253 1928 1099
254 1931 615
255 1932 6999
256 1934 3075
257 1935 1816
258 1953 6959
259 1956 2555
260 1962 7635
261 1966 2230
262 1975 4029
263 1986 7341
264 1995 2494
265 2000 2138
266 2022 7127
267 2034 6333
268 2042 6583
269 2058 3433
270 2058 6506
271 2063 5537
272 2064 4484
273 2075 7286
274 2080 2646
275 2080 2959
276 2083 5190
277 2090 1462
278 2100 605
279 2118 2950
280 2121 2314
281 2129 1855
282 2134 3458
283 2139 5723
284 2145 484
285 2148 1094
286 2155 4405
287 2160 6486
288 2162 4607
289 2170 6793
290 2174 2644
291 2177 4511
292 2182 1650
293 2199 5085
294 2205 6722
295 2217 6197
296 2219 2068
297 2229 1757
298 2234 111
299 2268 3070
300 2273 5106
301 2274 3289
302 2279 548
303 2279 5992
304 2282 888
305 2296 1949
306 2304 2123
307 2306 5154
308 2315 4828
309 2315 7176
310 2326 251
311 2327 496
312 2330 1139
313 2348 6289
314 2369 3632
315 2372 1469
316 2376 6573
317 2378 2111
318 2380 6890
319 2382 1473
320 2395 5549
321 2420 4591
322 2431 6685
323 2432 868
324 2439 989
325 2439 5780
326 2445 1587
327 2447 2403
328 2450 4471
329 2451 7766
330 2454 4916
331 2465 1801
332 2467 3983
333 2470 6763
334 2477 6352
335 2478 3950
336 2487 2017
337 2491 1972
338 2503 4626
339 2512 7786
340 2513 3688
341 2528 7198
342 2540 7226
343 2563 3995
344 2567 6865
345 2575 7662
346 2576 3745
347 2576 6049
348 2579 5047
349 2581 1897
350 2581 6757
351 2585 5688
352 2615 4128
353 2616 2517
354 2621 5222
355 2625 4559
356 2631 1058
357 2632 7439
358 2639 6936
359 2643 6812
360 2648 7788
361 2649 2469
362 2653 1149
363 2653 4150
364 2655 7590
365 2662 7803
366 2668 3842
367 2676 914
368 2677 1266
369 2677 3603
370 2678 4891
371 2687 4117
372 2693 3548
373 2695 583
374 2700 4375
375 2725 6796
376 2730 2689
377 2739 1852
378 2744 6609
379 2778 2094
380 2794 5240
381 2797 2359
382 2801 3387
383 2813 310
384 2827 3580
385 2829 5029
386 2830 5095
387 2830 6862
388 2838 7286
389 2840 1898
390 2849 6791
391 2877 3006
392 2879 3496
393 2880 259
394 2880 1567
395 2881 5564
396 2882 7548
397 2919 145
398 2920 6082
399 2921 843
400 2922 1683
401 2926 5469
402 2934 1267
403 2945 5127
404 2946 7063
405 2953 3278
406 2959 2673
407 2966 6364
408 2974 2461
409 2981 589
410 2985 2572
411 2990 902
412 2995 3843
413 2998 2430
414 2998 6807
415 3009 1313
416 3015 54
417 3015 592
418 3021 7400
419 3022 7646
420 3029 3639
421 3089 4162
422 3089 4946
423 3141 6846
424 3149 2563
425 3152 7422
426 3154 2692
427 3164 399
428 3164 3805
429 3167 7091
430 3183 569
431 3186 2981
432 3196 7128
433 3198 1351
434 3203 4561
435 3217 6539
436 3220 5918
437 3222 2799
438 3225 2033
439 3228 1452
440 3228 1700
441 3231 1106
442 3241 1918
443 3246 3491
444 3259 1872
445 3265 3131
446 3301 4509
447 3302 6381
448 3306 2578
449 3306 5165
450 3306 6178
451 3343 4216
452 3348 3037
453 3376 4308
454 3376 7696
455 3380 5666
456 3395 2334
457 3397 2219
458 3404 5254
459 3406 4993
460 3409 7296
461 3423 1197
462 3426 5780
463 3432 1574
464 3432 2517
465 3438 5049
466 3445 1472
467 3451 6215
468 3452 1310
469 3460 3520
470 3466 4290
471 3472 7662
472 3502 5784
473 3503 4988
474 3515 1503
475 3536 1423
476 3540 681
477 3549 1276
478 3554 2130
479 3557 5893
480 3561 2672
481 3570 6592
482 3620 135
483 3629 1712
484 3632 7796
485 3649 7403
486 3650 2874
487 3651 4339
488 3651 7732
489 3652 1121
490 3652 6725
491 3656 5659
492 3671 259
493 3674 176
494 3689 1080
495 3695 3190
496 3695 6628
497 3717 1917
498 3723 2438
499 3729 7241
500 3734 3743
501 3738 3066
502 3762 7812
503 3776 469
504 3780 2766
505 3781 3547
506 3782 989
507 3788 5656
508 3793 5428
509 3796 2895
510 3800 3648
511 3812 2650
512 3815 1696
513 3818 4135
514 3821 6012
515 3828 2308
516 3833 1817
517 3855 435
518 3863 7334
519 3872 3982
520 3883 6853
521 3891 3910
522 3894 4856
523 3897 6604
524 3902 5215
525 3922 2043
526 3926 6655
527 3931 495
528 3936 5084
529 3941 7804
530 3943 4266
531 3946 3517
532 3959 2864
533 3968 7183
534 3980 2319
535 4003 2663
536 4017 6608
537 4031 230
538 4066 5567
539 4072 5206
540 4092 622
541 4096 5197
542 4096 6775
543 4099 5218
544 4101 4232
545 4105 27
546 4130 7541
547 4131 1279
548 4145 7769
549 4154 6881
550 4166 6931
551 4174 5971
552 4186 5902
553 4196 3766
554 4200 3918
555 4204 2568
556 4204 7606
557 4212 5857
558 4228 1362
559 4234 5209
560 4245 6987
561 4251 2539
562 4252 2314
563 4254 6292
564 4258 6659
565 4258 7544
566 4261 2701
567 4262 4576
568 4264 6655
569 4274 4831
570 4293 6257
571 4294 2023
572 4295 6991
573 4302 476
574 4306 7668
575 4310 3022
576 4310 4256
577 4320 2293
578 4320 5147
579 4328 3054
580 4356 6773
581 4369 6575
582 4376 851
583 4395 4358
584 4397 5867
585 4398 2143
586 4404 3894
587 4405 718
588 4411 726
589 4412 2747
590 4415 4260
591 4415 5063
592 4420 4364
593 4421 3121
594 4426 4640
595 4426 7092
596 4429 6205
597 4435 7466
598 4438 346
599 4440 5352
600 4443 3479
601 4446 4575
602 4449 507
603 4454 5797
604 4456 3827
605 4468 3198
606 4482 6496
607 4484 7457
608 4497 3512
609 4500 4193
610 4506 5323
611 4510 2761
612 4514 750
613 4516 2492
614 4528 3725
615 4529 7225
616 4542 5843
617 4547 6966
618 4553 6511
619 4559 1312
620 4574 3898
621 4579 2682
622 4580 2029
623 4582 5286
624 4588 3403
625 4597 104
626 4601 2143
627 4601 5403
628 4606 5205
629 4608 7343
630 4612 337
631 4614 3725
632 4620 1288
633 4621 3566
634 4629 3075
635 4637 586
636 4638 993
637 4642 2325
638 4648 1749
639 4649 7343
640 4665 3985
641 4667 5671
642 4668 3953
643 4669 1462
644 4696 3953
645 4700 4895
646 4705 5693
647 4710 7388
648 4731 6953
649 4733 2980
650 4738 5405
651 4742 4639
652 4748 4413
653 4773 6123
654 4775 2440
655 4779 7532
656 4796 5647
657 4809 6992
658 4813 6526
659 4821 409
660 4821 7811
661 4846 2732
662 4849 7471
663 4859 2169
664 4867 7468
665 4886 3352
666 4894 7578
667 4907 473
668 4911 972
669 4930 2013
670 4950 4994
671 4951 6137
672 4953 3877
673 4954 3413
674 4971 7230
675 4999 6058
676 5020 2195
677 5022 4039
678 5025 4503
679 5025 6611
680 5040 6820
681 5044 6740
682 5049 2284
683 5051 6789
684 5072 654
685 5093 1486
686 5117 5559
687 5121 6701
688 5150 5258
689 5157 6156
690 5190 7166
691 5197 3837
692 5203 475
693 5204 6809
694 5213 1086
695 5214 7458
696 5223 6446
697 5224 2788
698 5224 3370
699 5228 6079
700 5230 2002
701 5235 6196
702 5245 6511
703 5252 2553
704 5256 7389
705 5258 1599
706 5261 5342
707 5262 5092
708 5264 916
709 5281 1984
710 5291 2689
711 5300 2703
712 5302 5118
713 5302 5380
714 5304 4619
715 5317 6396
716 5330 585
717 5337 234
718 5350 2857
719 5350 5911
720 5354 5554
721 5358 2347
722 5371 4475
723 5371 5170
724 5380 1286
725 5406 281
726 5408 7346
727 5421 7702
728 5450 6946
729 5457 4670
730 5463 3469
731 5468 6521
732 5470 6359
733 5478 2239
734 5489 571
735 5489 4825
736 5509 3428
737 5511 6404
738 5514 4725
739 5518 615
740 5526 528
741 5542 3555
742 5543 4235
743 5543 6198
744 5547 1268
745 5551 1231
746 5551 4296
747 5555 5457
748 5562 2831
749 5588 3221
750 5597 836
751 5597 4243
752 5598 1697
753 5606 21
754 5606 462
755 5611 4987
756 5614 1534
757 5627 6061
758 5631 3129
759 5635 5888
760 5647 935
761 5647 6675
762 5657 3269
763 5657 4758
764 5658 2320
765 5682 2280
766 5688 721
767 5697 1624
768 5697 6327
769 5719 1282
770 5719 3308
771 5726 3008
772 5736 5440
773 5739 4507
774 5741 1003
775 5744 624
776 5744 1434
777 5766 7444
778 5799 3139
779 5810 1847
780 5811 453
781 5814 6256
782 5820 3355
783 5824 3004
784 5825 7582
785 5830 4875
786 5836 1004
787 5843 504
788 5846 1896
789 5854 6042
790 5861 1765
791 5867 2809
792 5875 579
793 5877 7613
794 5886 7529
795 5892 4519
796 5897 6683
797 5901 5101
798 5904 6555
799 5912 4584
800 5916 1075
801 5919 625
802 5937 7228
803 5950 928
804 5958 1676
805 5960 6267
806 5962 7243
807 5968 4636
808 5969 3221
809 5972 5091
810 5996 314
811 6002 2441
812 6016 6069
813 6041 6125
814 6066 6074
815 6078 5714
816 6082 2905
817 6085 7706
818 6093 4044
819 6095 371
820 6103 3490
821 6106 7304
822 6111 3990
823 6126 7767
824 6132 7458
825 6133 2542
826 6135 2580
827 6148 5356
828 6150 1550
829 6153 6864
830 6155 7399
831 6161 3867
832 6164 1572
833 6184 5271
834 6192 6078
835 6196 2243
836 6212 4150
837 6216 4425
838 6225 5078
839 6226 6141
840 6248 6569
841 6252 2122
842 6258 4274
843 6258 5436
844 6261 551
845 6261 4203
846 6264 5031
847 6286 4229
848 6289 7820
849 6291 2614
850 6296 6785
851 6301 2682
852 6304 897
853 6312 5468
854 6318 4772
855 6319 3722
856 6328 2942
857 6330 996
858 6334 1146
859 6335 6175
860 6339 7318
861 6341 959
862 6341 2425
863 6342 3785
864 6342 7135
865 6355 6174
866 6359 7618
867 6367 215
868 6379 2198
869 6386 6678
870 6387 4992
871 6399 4261
872 6402 550
873 6404 6006
874 6410 5159
875 6433 2104
876 6436 5794
877 6447 6377
878 6453 421
879 6458 5007
880 6462 819
881 6487 2524
882 6488 2127
883 6490 5477
884 6494 3665
885 6495 1959
886 6511 7452
887 6516 7210
888 6525 1561
889 6532 5772
890 6538 1048
891 6543 5660
892 6556 921
893 6558 5463
894 6565 534
895 6586 3522
896 6605 1399
897 6613 3965
898 6618 5969
899 6650 5899
900 6654 1427
901 6657 2846
902 6669 5219
903 6671 3477
904 6678 1330
905 6699 68
906 6705 5132
907 6706 4897
908 6707 2675
909 6709 4465
910 6710 4507
911 6711 7679
912 6720 6585
913 6726 6725
914 6729 1440
915 6732 6625
916 6737 1089
917 6747 1476
918 6759 5670
919 6771 1379
920 6772 7202
921 6776 3978
922 6804 2264
923 6806 655
924 6811 225
925 6817 7627
926 6820 6123
927 6822 202
928 6823 5973
929 6824 1201
930 6848 4371
931 6859 5513
932 6861 2201
933 6868 1305
934 6872 5721
935 6874 2099
936 6878 5928
937 6882 4096
938 6894 1811
939 6901 291
940 6906 3363
941 6915 5560
942 6916 1542
943 6919 2489
944 6923 4999
945 6924 4928
946 6939 2741
947 6946 3001
948 6959 886
949 6966 4257
950 6971 2025
951 6975 1353
952 6977 1640
953 6981 7388
954 6992 4186
955 7000 6088
956 7002 7718
957 7004 6839
958 7017 4474
959 7030 2273
960 7030 3469
961 7034 341
962 7036 5992
963 7038 3542
964 7047 5775
965 7054 1087
966 7059 2723
967 7066 1715
968 7093 5883
969 7116 2937
970 7126 5926
971 7133 7550
972 7138 4730
973 7146 2828
974 7151 1762
975 7152 130
976 7159 2604
977 7160 6172
978 7166 3504
979 7170 5933
980 7176 707
981 7177 6588
982 7191 2568
983 7201 2260
984 7203 3861
985 7223 1867
986 7225 5362
987 7229 918
988 7229 7152
989 7242 2309
990 7260 2091
991 7268 652
992 7273 2409
993 7275 2670
994 7295 4125
995 7302 1777
996 7303 3709
997 7313 353
998 7318 5057
999 7326 404
1000 7328 6757
1001 7331 6772
1002 7342 7766
1003 7346 2827
1004 7354 1503
1005 7369 2243
1006 7384 1949
1007 7400 7281
1008 7411 1720
1009 7419 6581
1010 7424 2629
1011 7456 7568
1012 7465 6389
1013 7469 1207
1014 7479 1158
1015 7489 3700
1016 7505 3872
1017 7506 1464
1018 7511 5517
1019 7519 2302
1020 7522 6378
1021 7525 7132
1022 7530 3490
1023 7532 2850
1024 7532 5127
1025 7533 3674
1026 7534 2334
1027 7544 6688
1028 7546 3514
1029 7556 7201
1030 7560 6640
1031 7569 2163
1032 7577 5666
1033 7580 4554
1034 7581 5266
1035 7583 2467
1036 7587 3053
1037 7588 6711
1038 7623 2861
1039 7624 5483
1040 7625 5448
1041 7627 2381
1042 7628 2146
1043 7634 4922
1044 7659 1035
1045 7661 2853
1046 7670 4091
1047 7672 3260
1048 7675 944
1049 7682 4188
1050 7683 7736
1051 7689 4920
1052 7695 4082
1053 7698 653
1054 7700 958
1055 7703 6295
1056 7712 7686
1057 7733 1174
1058 7739 3843
1059 7742 2644
1060 7742 5761
1061 7748 6263
1062 7766 4604
1063 7767 6574
1064 7770 169
1065 7772 500
1066 7779 5576
1067 7792 5749