2 3044 23969
1 7 4061
2 8 20567
3 18 9342
4 28 16078
5 29 14466
6 31 731
7 40 17048
8 44 21930
9 53 5033
10 64 8882
11 66 19338
12 77 7646
13 86 16216
14 93 13612
15 94 15951
16 97 11629
17 122 5022
18 130 8170
19 140 19611
20 149 8656
21 157 14628
22 183 48
23 188 15345
24 201 10053
25 203 18879
26 208 7117
27 209 5540
28 214 11267
29 225 15229
30 227 312
31 232 9139
32 266 21873
33 271 19047
34 275 9046
35 275 18537
36 281 5664
37 286 21284
38 315 2913
39 325 6741
40 325 20729
41 335 7541
42 342 2401
43 349 22156
44 356 22951
45 394 17459
46 399 22129
47 404 13935
48 405 10262
49 423 5537
50 427 6555
51 431 16393
52 445 22735
53 447 14223
54 460 10405
55 477 17246
56 482 7133
57 506 3809
58 506 22346
59 507 16614
60 515 12365
61 540 21917
62 543 11537
63 547 3826
64 558 13653
65 570 22327
66 574 17188
67 582 16899
68 583 8864
69 584 9986
70 585 3935
71 588 1788
72 609 14731
73 616 13538
74 625 12182
75 640 20371
76 642 11003
77 645 16573
78 688 10183
79 703 1525
80 708 2551
81 716 20521
82 721 6572
83 724 4116
84 731 21790
85 733 9822
86 757 21177
87 759 19702
88 767 3920
89 772 12692
90 774 23602
91 793 6277
92 823 9381
93 827 6002
94 828 9270
95 836 3033
96 838 10158
97 865 13633
98 874 14063
99 884 10899
100 890 2295
101 939 1202
102 940 5134
103 953 21830
104 956 15205
105 961 5090
106 970 15998
107 984 537
108 987 13787
109 1004 10215
110 1005 17736
111 1018 1210
112 1033 10317
113 1036 8954
114 1044 23564
115 1051 11302
116 1051 16974
117 1059 7243
118 1067 11282
119 1069 5167
120 1076 9203
121 1077 12258
122 1077 16104
123 1089 22340
124 1090 11180
125 1096 17556
126 1113 3481
127 1116 15933
128 1118 3364
129 1120 17545
130 1122 6424
131 1130 9257
132 1131 12327
133 1160 15006
134 1161 17739
135 1168 16943
136 1188 15090
137 1190 1765
138 1196 9923
139 1199 6274
140 1203 8628
141 1204 23738
142 1211 18238
143 1213 21319
144 1216 2434
145 1223 541
146 1223 5160
147 1227 23344
148 1242 1637
149 1257 7319
150 1263 13571
151 1264 14346
152 1283 10755
153 1289 7238
154 1306 18801
155 1312 9510
156 1313 22399
157 1315 17948
158 1320 20400
159 1323 3911
160 1332 1046
161 1338 12995
162 1372 18422
163 1374 4391
164 1383 18732
165 1384 469
166 1405 5698
167 1409 12
168 1426 4356
169 1443 18868
170 1450 21663
171 1483 6319
172 1496 12323
173 1509 3607
174 1515 19879
175 1520 1176
176 1527 9299
177 1544 19009
178 1575 1077
179 1588 2844
180 1590 2225
181 1596 5298
182 1601 1981
183 1607 6627
184 1610 18367
185 1615 21884
186 1642 12838
187 1644 8972
188 1644 19305
189 1645 17670
190 1647 13781
191 1662 1902
192 1663 20632
193 1666 3414
194 1669 3068
195 1671 11624
196 1671 22167
197 1678 4474
198 1679 16629
199 1683 18101
200 1683 21665
201 1686 21875
202 1693 3754
203 1720 3035
204 1740 17945
205 1752 14965
206 1797 5217
207 1798 16019
208 1799 4379
209 1810 12065
210 1817 12286
211 1822 2952
212 1833 6791
213 1854 10680
214 1864 5254
215 1867 3435
216 1874 14958
217 1875 8128
218 1902 1094
219 1902 19036
220 1904 21815
221 1905 18644
222 1913 165
223 1917 10678
224 1959 21935
225 1960 1030
226 1969 4518
227 1969 22355
228 1994 14646
229 2000 8184
230 2005 16928
231 2006 1090
232 2014 1033
233 2039 9549
234 2043 18083
235 2048 11715
236 2057 5973
237 2075 2870
238 2078 6408
239 2087 14073
240 2090 6405
241 2096 10685
242 2101 20085
243 2105 23404
244 2109 22875
245 2112 23514
246 2125 15997
247 2127 16707
248 2130 3029
249 2142 6188
250 2156 19243
251 2157 4733
252 2175 7121
253 2175 8673
254 2182 13415
255 2192 1477
256 2192 9518
257 2194 9409
258 2195 611
259 2197 13444
260 2198 9703
261 2198 22587
262 2202 5808
263 2206 16995
264 2207 3767
265 2221 14022
266 2224 20791
267 2229 23900
268 2232 12083
269 2234 10350
270 2236 4074
271 2251 994
272 2252 10083
273 2254 11910
274 2266 12052
275 2300 5119
276 2306 2233
277 2313 20974
278 2331 13002
279 2337 11157
280 2345 3375
281 2359 2758
282 2376 9801
283 2377 23460
284 2384 16593
285 2385 16797
286 2387 4514
287 2397 17158
288 2406 16467
289 2408 16796
290 2433 2853
291 2449 14307
292 2450 13295
293 2460 7089
294 2467 11125
295 2470 11236
296 2477 15959
297 2479 23382
298 2485 15930
299 2490 17689
300 2499 18339
301 2504 17837
302 2541 16922
303 2560 23150
304 2566 1848
305 2569 3811
306 2574 12616
307 2593 13602
308 2594 14894
309 2607 2973
310 2617 6649
311 2620 14895
312 2621 4787
313 2632 10345
314 2640 20089
315 2664 6334
316 2664 8869
317 2678 13235
318 2678 22452
319 2686 7071
320 2687 11785
321 2688 15076
322 2692 9082
323 2702 12851
324 2727 12872
325 2731 5293
326 2735 7476
327 2738 18111
328 2754 3129
329 2762 14265
330 2774 22032
331 2784 21392
332 2786 10349
333 2790 19949
334 2801 23050
335 2815 7088
336 2816 5725
337 2827 13306
338 2832 19593
339 2852 20284
340 2853 23694
341 2868 12972
342 2875 687
343 2887 1260
344 2900 9697
345 2901 9072
346 2906 19634
347 2906 19995
348 2907 16753
349 2914 15172
350 2920 8225
351 2924 9240
352 2928 18693
353 2932 241
354 2935 8346
355 2940 17283
356 2941 23634
357 2955 21574
358 2969 1056
359 2979 11838
360 3007 3220
361 3017 6008
362 3029 12196
363 3033 19123
364 3037 7558
365 3042 22120
366 3045 20422
367 3066 19198
368 3067 9101
369 3080 12564
370 3115 8106
371 3122 7549
372 3126 19111
373 3127 11915
374 3140 14242
375 3149 8593
376 3168 16975
377 3171 4831
378 3175 20368
379 3178 18132
380 3194 13755
381 3200 23220
382 3208 3520
383 3215 20569
384 3231 20944
385 3239 1339
386 3239 17278
387 3241 20646
388 3243 9626
389 3245 7777
390 3253 20946
391 3254 21254
392 3255 20761
393 3266 14167
394 3279 21043
395 3285 6091
396 3292 5996
397 3293 21763
398 3300 9076
399 3302 14634
400 3306 2690
401 3311 1696
402 3318 18169
403 3334 13242
404 3351 18755
405 3360 19328
406 3364 9127
407 3377 9512
408 3378 16473
409 3385 10190
410 3398 20110
411 3405 282
412 3419 6917
413 3420 16701
414 3435 911
415 3449 14541
416 3456 62
417 3460 22862
418 3469 8513
419 3471 18967
420 3473 5317
421 3488 4392
422 3489 17539
423 3508 16360
424 3511 6835
425 3517 16239
426 3522 5647
427 3523 15018
428 3533 18946
429 3533 21708
430 3540 16841
431 3543 5754
432 3556 2938
433 3566 9881
434 3566 11517
435 3593 2412
436 3598 20176
437 3599 6117
438 3617 20420
439 3618 8651
440 3634 19890
441 3638 13645
442 3648 4191
443 3655 6935
444 3659 12779
445 3663 21889
446 3666 15466
447 3672 304
448 3685 15957
449 3686 21560
450 3692 12243
451 3695 19813
452 3715 2308
453 3723 16173
454 3727 16073
455 3728 13354
456 3742 1785
457 3744 12762
458 3745 12281
459 3745 13276
460 3750 16232
461 3753 12862
462 3756 8767
463 3781 13588
464 3781 18499
465 3792 14048
466 3804 18169
467 3807 19501
468 3813 11374
469 3820 443
470 3820 12849
471 3839 796
472 3839 20843
473 3867 22809
474 3879 7921
475 3882 10036
476 3911 5907
477 3914 12169
478 3916 17034
479 3917 1022
480 3931 20961
481 3945 2632
482 3947 4298
483 3952 3850
484 3958 19737
485 3962 5798
486 3963 22994
487 3964 9305
488 3970 15776
489 3972 17876
490 3983 13814
491 3987 10828
492 4006 6152
493 4016 9865
494 4036 7051
495 4038 5997
496 4044 12277
497 4048 17207
498 4068 15448
499 4094 19840
500 4100 11120
501 4100 18598
502 4140 15726
503 4163 17359
504 4164 16075
505 4190 19069
506 4192 7046
507 4195 11219
508 4203 4895
509 4207 19301
510 4209 19484
511 4209 19769
512 4214 15116
513 4215 21069
514 4226 5168
515 4227 2008
516 4228 1037
517 4232 19438
518 4236 14497
519 4253 5435
520 4260 11073
521 4269 10120
522 4273 22642
523 4287 15386
524 4288 21123
525 4300 13949
526 4303 8913
527 4315 3970
528 4354 18617
529 4362 4667
530 4377 3772
531 4381 17644
532 4404 6440
533 4417 21096
534 4418 13231
535 4423 7571
536 4423 8287
537 4447 14569
538 4450 3605
539 4459 3649
540 4467 10436
541 4470 17220
542 4474 16652
543 4475 14810
544 4487 22448
545 4527 8369
546 4528 6498
547 4534 7004
548 4542 18989
549 4547 4674
550 4554 9640
551 4557 8134
552 4558 8065
553 4560 20849
554 4573 21535
555 4587 3841
556 4588 16957
557 4604 17338
558 4643 18695
559 4667 2053
560 4676 20953
561 4682 21820
562 4691 17442
563 4697 16786
564 4719 13346
565 4731 3372
566 4738 4260
567 4739 20888
568 4761 14150
569 4767 13767
570 4769 18141
571 4779 17817
572 4787 3538
573 4798 1334
574 4798 2936
575 4801 13476
576 4803 12605
577 4803 14049
578 4812 6265
579 4817 23100
580 4820 5866
581 4830 3412
582 4838 20837
583 4839 18293
584 4865 15612
585 4867 18658
586 4870 19410
587 4872 17227
588 4898 20171
589 4913 17096
590 4923 15473
591 4933 9997
592 4949 4577
593 4967 1002
594 4979 21961
595 4980 22568
596 4993 14987
597 4993 18766
598 5002 16047
599 5006 9151
600 5006 21946
601 5013 13181
602 5021 2811
603 5027 3175
604 5031 8015
605 5034 19764
606 5047 18777
607 5079 3968
608 5086 8389
609 5090 20924
610 5100 6629
611 5100 18162
612 5101 17634
613 5107 22141
614 5132 15915
615 5133 10761
616 5134 19403
617 5140 22139
618 5144 15064
619 5156 15578
620 5177 17923
621 5181 5340
622 5200 9227
623 5201 15803
624 5205 595
625 5211 8488
626 5224 17326
627 5259 6083
628 5263 6891
629 5271 17606
630 5288 496
631 5309 10515
632 5319 21677
633 5323 11665
634 5332 17124
635 5334 23909
636 5350 13521
637 5353 8242
638 5360 2757
639 5362 4415
640 5373 16645
641 5376 11307
642 5415 6102
643 5425 8923
644 5426 6811
645 5430 10867
646 5443 8095
647 5459 4099
648 5480 18008
649 5494 14
650 5499 17672
651 5503 9946
652 5504 16306
653 5535 2865
654 5540 5661
655 5541 22349
656 5545 3841
657 5546 6605
658 5560 17279
659 5588 7272
660 5589 14478
661 5591 4715
662 5597 7184
663 5597 20800
664 5601 12644
665 5615 7483
666 5624 14319
667 5638 20285
668 5655 7752
669 5659 12052
670 5659 14761
671 5661 1437
672 5665 22107
673 5670 18287
674 5676 5392
675 5706 18855
676 5714 14898
677 5715 2302
678 5719 565
679 5736 3431
680 5737 7801
681 5742 19142
682 5748 7136
683 5748 15357
684 5749 4009
685 5753 8633
686 5759 8923
687 5761 21605
688 5775 7369
689 5782 16850
690 5782 20841
691 5793 4671
692 5816 22308
693 5836 3521
694 5839 9705
695 5840 6613
696 5854 17156
697 5855 19280
698 5860 4523
699 5868 20
700 5876 14102
701 5877 786
702 5879 7837
703 5899 13320
704 5904 3405
705 5911 3334
706 5912 15683
707 5914 273
708 5921 11438
709 5923 6684
710 5928 9729
711 5932 6039
712 5955 18419
713 5956 4480
714 5977 5542
715 5981 15993
716 5983 23642
717 5990 10973
718 6001 21541
719 6009 10754
720 6040 15125
721 6041 14915
722 6044 2191
723 6046 18204
724 6051 22504
725 6056 13308
726 6058 17974
727 6061 6232
728 6067 16867
729 6072 16724
730 6077 12963
731 6083 5830
732 6089 4639
733 6089 10150
734 6096 7863
735 6117 17877
736 6121 14632
737 6125 2405
738 6157 14180
739 6166 22025
740 6168 4192
741 6171 936
742 6175 868
743 6175 20245
744 6176 6731
745 6180 13089
746 6231 18928
747 6233 9568
748 6239 19171
749 6249 20211
750 6257 8019
751 6264 5245
752 6268 8289
753 6278 10678
754 6281 14834
755 6283 15095
756 6305 3888
757 6308 12255
758 6313 11077
759 6316 6035
760 6319 12512
761 6332 10450
762 6348 9138
763 6373 18587
764 6375 21494
765 6388 11012
766 6401 23213
767 6403 9839
768 6403 22521
769 6416 18743
770 6417 14341
771 6423 13328
772 6428 11713
773 6434 1236
774 6437 319
775 6439 19584
776 6448 12125
777 6478 19489
778 6488 9755
779 6489 9735
780 6492 9881
781 6493 98
782 6514 11131
783 6529 6105
784 6530 21038
785 6531 21906
786 6543 19088
787 6546 16691
788 6552 10269
789 6556 14371
790 6560 8260
791 6563 932
792 6565 6761
793 6566 10483
794 6576 9481
795 6577 17507
796 6577 21072
797 6580 7017
798 6590 1782
799 6600 9509
800 6601 4871
801 6602 3766
802 6602 22296
803 6604 5661
804 6618 7978
805 6619 2516
806 6636 9766
807 6639 16078
808 6641 5337
809 6644 22273
810 6644 23325
811 6648 7017
812 6650 18789
813 6654 15336
814 6657 17827
815 6664 18243
816 6670 22325
817 6677 11971
818 6683 18433
819 6694 19385
820 6718 5115
821 6723 15465
822 6724 3830
823 6744 9368
824 6755 19329
825 6760 15794
826 6780 10722
827 6781 7416
828 6781 20035
829 6784 21198
830 6785 20407
831 6794 14947
832 6795 14787
833 6806 2824
834 6809 4484
835 6828 18065
836 6837 11237
837 6841 13191
838 6845 3189
839 6862 2224
840 6866 14947
841 6868 15613
842 6874 16408
843 6878 5968
844 6881 17036
845 6887 6036
846 6887 13855
847 6898 11408
848 6907 16884
849 6910 12020
850 6911 15708
851 6924 23860
852 6933 5703
853 6941 10498
854 6977 22236
855 6988 4647
856 6988 16711
857 6994 20698
858 7002 23684
859 7012 4395
860 7019 20145
861 7021 23126
862 7026 18570
863 7034 98
864 7038 4353
865 7039 23292
866 7040 4208
867 7044 4811
868 7046 1648
869 7058 23792
870 7064 23007
871 7077 4145
872 7082 5643
873 7085 16150
874 7086 4537
875 7088 22894
876 7103 9490
877 7124 3871
878 7126 20712
879 7126 23322
880 7141 14459
881 7144 6094
882 7148 1024
883 7155 5982
884 7158 14015
885 7160 2440
886 7160 3716
887 7179 22387
888 7180 6278
889 7206 10256
890 7213 6014
891 7214 7605
892 7234 1057
893 7234 9286
894 7234 14897
895 7237 22187
896 7262 15725
897 7278 21796
898 7283 9284
899 7283 22438
900 7291 14894
901 7323 2062
902 7323 16320
903 7340 16779
904 7352 4717
905 7370 19065
906 7376 21060
907 7396 16845
908 7396 17635
909 7418 15725
910 7418 23206
911 7423 16928
912 7427 21268
913 7442 17142
914 7444 19658
915 7454 10687
916 7454 14520
917 7465 15713
918 7467 20229
919 7474 15910
920 7475 15559
921 7476 2398
922 7486 16424
923 7492 16668
924 7494 11012
925 7512 7924
926 7515 15965
927 7523 2462
928 7525 4762
929 7556 3116
930 7562 1580
931 7575 2924
932 7585 3839
933 7586 23526
934 7592 17391
935 7597 7540
936 7598 5426
937 7599 14608
938 7608 19858
939 7613 14657
940 7619 12202
941 7631 17682
942 7634 9902
943 7659 22566
944 7661 16909
945 7669 1894
946 7678 12541
947 7697 2031
948 7697 18129
949 7716 12316
950 7720 23830
951 7721 7496
952 7722 22994
953 7727 6476
954 7727 10892
955 7735 2331
956 7744 17614
957 7760 21123
958 7765 7587
959 7786 19168
960 7792 23313
961 7797 11551
962 7798 13498
963 7827 8004
964 7837 9860
965 7837 12223
966 7844 19891
967 7844 20801
968 7871 3245
969 7887 6033
970 7893 10562
971 7895 23138
972 7902 22499
973 7917 2514
974 7931 18372
975 7933 20816
976 7941 1196
977 7950 19630
978 7955 10457
979 7978 15418
980 7990 10521
981 7990 22222
982 8004 17713
983 8009 34
984 8015 19164
985 8017 14023
986 8025 17182
987 8029 6616
988 8030 13537
989 8053 1797
990 8056 19152
991 8072 23370
992 8077 21058
993 8081 1619
994 8089 17211
995 8094 12714
996 8099 3906
997 8104 20390
998 8125 13422
999 8146 9665
1000 8154 17565
1001 8178 21431
1002 8183 14248
1003 8196 20171
1004 8210 23107
1005 8215 7722
1006 8227 14829
1007 8245 15526
1008 8249 8012
1009 8264 13568
1010 8267 19865
1011 8267 19977
1012 8289 23391
1013 8291 20280
1014 8291 23372
1015 8295 21994
1016 8296 983
1017 8316 12279
1018 8322 9300
1019 8327 1471
1020 8342 9666
1021 8359 8118
1022 8375 23362
1023 8375 23648
1024 8376 14390
1025 8388 22729
1026 8390 3547
1027 8394 23264
1028 8398 11504
1029 8405 19422
1030 8427 17672
1031 8428 8763
1032 8443 17227
1033 8450 13068
1034 8453 21390
1035 8477 18158
1036 8478 21456
1037 8478 22328
1038 8481 15528
1039 8489 17207
1040 8493 15350
1041 8501 9734
1042 8507 12331
1043 8510 22027
1044 8514 10033
1045 8535 3107
1046 8535 6069
1047 8549 17720
1048 8556 3382
1049 8558 10471
1050 8558 11857
1051 8560 19846
1052 8560 20638
1053 8561 66
1054 8564 18655
1055 8574 5308
1056 8574 7386
1057 8577 13848
1058 8578 5969
1059 8604 6474
1060 8605 16525
1061 8609 1971
1062 8631 4734
1063 8672 6307
1064 8673 21941
1065 8684 18686
1066 8686 6220
1067 8691 23567
1068 8692 20774
1069 8697 5327
1070 8701 23111
1071 8713 14653
1072 8721 19684
1073 8724 20003
1074 8729 18880
1075 8733 18983
1076 8737 4479
1077 8739 21009
1078 8741 13914
1079 8743 1599
1080 8743 5792
1081 8752 11831
1082 8753 6286
1083 8755 14438
1084 8756 4330
1085 8757 3391
1086 8758 7265
1087 8780 18989
1088 8789 2536
1089 8795 17533
1090 8802 11186
1091 8810 11971
1092 8813 19988
1093 8829 16970
1094 8836 11367
1095 8863 8287
1096 8867 723
1097 8869 7597
1098 8869 20552
1099 8872 5269
1100 8889 21506
1101 8893 13622
1102 8899 15398
1103 8900 17556
1104 8913 15660
1105 8919 5834
1106 8932 18972
1107 8932 21424
1108 8935 3182
1109 8959 15666
1110 8970 4784
1111 8971 19335
1112 8983 5792
1113 8988 9396
1114 8999 7353
1115 9005 12113
1116 9009 22496
1117 9010 8961
1118 9028 18930
1119 9037 4306
1120 9039 1813
1121 9039 4673
1122 9058 15755
1123 9065 21514
1124 9067 13692
1125 9071 6967
1126 9076 13776
1127 9081 4880
1128 9096 10557
1129 9097 129
1130 9107 1272
1131 9122 20933
1132 9132 7123
1133 9133 7210
1134 9143 9744
1135 9144 15382
1136 9147 7344
1137 9159 13473
1138 9166 9341
1139 9177 23551
1140 9188 2423
1141 9192 18178
1142 9194 23385
1143 9201 15747
1144 9211 16046
1145 9214 13692
1146 9214 22831
1147 9218 2776
1148 9231 9690
1149 9241 9480
1150 9248 18457
1151 9249 22340
1152 9261 2843
1153 9261 17629
1154 9264 22359
1155 9277 7119
1156 9294 17429
1157 9299 23369
1158 9307 9486
1159 9318 16843
1160 9326 18272
1161 9332 4876
1162 9332 14935
1163 9334 14340
1164 9341 1882
1165 9341 21657
1166 9345 22555
1167 9359 13021
1168 9367 15371
1169 9369 4969
1170 9370 19186
1171 9396 9197
1172 9399 1012
1173 9401 22525
1174 9403 1422
1175 9418 20404
1176 9420 9600
1177 9428 3999
1178 9429 8257
1179 9437 5800
1180 9437 15144
1181 9458 11265
1182 9481 14041
1183 9485 7131
1184 9485 7933
1185 9492 22111
1186 9494 9340
1187 9500 4780
1188 9500 23962
1189 9509 23299
1190 9526 3556
1191 9529 15802
1192 9546 22506
1193 9557 22611
1194 9573 23432
1195 9589 16176
1196 9599 9290
1197 9604 11709
1198 9612 2693
1199 9616 15831
1200 9617 2919
1201 9624 4970
1202 9624 15740
1203 9627 16035
1204 9630 4461
1205 9643 4078
1206 9645 17419
1207 9655 6952
1208 9660 1633
1209 9660 17250
1210 9667 11756
1211 9700 8947
1212 9703 10028
1213 9709 16782
1214 9721 8595
1215 9724 5714
1216 9737 11507
1217 9747 22968
1218 9750 4759
1219 9754 5625
1220 9764 8845
1221 9778 16133
1222 9781 8975
1223 9786 19611
1224 9793 11550
1225 9796 22926
1226 9800 15518
1227 9804 10848
1228 9811 2733
1229 9811 16168
1230 9821 7815
1231 9823 4510
1232 9837 2568
1233 9838 9211
1234 9839 13155
1235 9872 2805
1236 9874 7477
1237 9878 10498
1238 9886 5948
1239 9893 6529
1240 9893 12968
1241 9900 3858
1242 9907 7957
1243 9920 10039
1244 9926 4379
1245 9933 22325
1246 9962 1461
1247 9974 20692
1248 9982 18102
1249 9990 9105
1250 10000 8259
1251 10003 13341
1252 10008 3771
1253 10011 13608
1254 10023 7412
1255 10026 1926
1256 10036 15754
1257 10036 15940
1258 10039 10888
1259 10045 3091
1260 10047 21695
1261 10048 20298
1262 10054 10689
1263 10055 12592
1264 10064 9199
1265 10076 17994
1266 10081 10678
1267 10096 7066
1268 10105 22494
1269 10112 20743
1270 10117 21387
1271 10122 3324
1272 10129 13647
1273 10148 21471
1274 10150 15723
1275 10160 7844
1276 10163 18835
1277 10190 6573
1278 10199 2989
1279 10202 1724
1280 10202 3232
1281 10206 10975
1282 10206 21249
1283 10207 21518
1284 10219 14945
1285 10226 931
1286 10230 2613
1287 10240 12529
1288 10256 4707
1289 10256 20878
1290 10259 167
1291 10283 19522
1292 10301 4752
1293 10303 14531
1294 10311 5768
1295 10317 16678
1296 10321 22871
1297 10333 9447
1298 10333 17401
1299 10348 19499
1300 10349 19091
1301 10357 15995
1302 10362 16866
1303 10370 10341
1304 10370 22330
1305 10421 16383
1306 10427 3107
1307 10439 15636
1308 10455 7717
1309 10456 5496
1310 10460 23336
1311 10462 21017
1312 10462 21301
1313 10463 16089
1314 10464 3051
1315 10492 218
1316 10505 7304
1317 10509 11117
1318 10518 7368
1319 10520 4517
1320 10536 23380
1321 10554 2544
1322 10556 6420
1323 10573 7758
1324 10576 8556
1325 10586 11277
1326 10612 1651
1327 10614 6525
1328 10629 20781
1329 10646 2779
1330 10646 5164
1331 10653 5889
1332 10653 12985
1333 10665 18449
1334 10666 3738
1335 10686 8498
1336 10690 20756
1337 10724 3837
1338 10730 3556
1339 10733 4355
1340 10741 8270
1341 10742 6410
1342 10746 11620
1343 10747 157
1344 10760 13514
1345 10770 19456
1346 10779 3609
1347 10782 21026
1348 10796 487
1349 10823 8635
1350 10831 7843
1351 10831 19055
1352 10847 8476
1353 10848 11447
1354 10866 11563
1355 10874 22777
1356 10876 17234
1357 10896 2756
1358 10905 20530
1359 10910 654
1360 10928 7854
1361 10936 2192
1362 10945 23723
1363 10953 5245
1364 10965 15295
1365 10967 10086
1366 10986 20872
1367 11008 17180
1368 11010 21258
1369 11023 23367
1370 11029 3771
1371 11031 6080
1372 11031 13037
1373 11033 23876
1374 11041 3926
1375 11042 9165
1376 11047 6795
1377 11069 13438
1378 11074 1322
1379 11117 14129
1380 11119 3476
1381 11123 2564
1382 11132 12839
1383 11135 15083
1384 11154 3766
1385 11163 1799
1386 11169 7392
1387 11182 22305
1388 11184 14573
1389 11186 9952
1390 11187 5834
1391 11193 8108
1392 11199 888
1393 11199 14037
1394 11206 14468
1395 11211 9596
1396 11220 18914
1397 11222 1016
1398 11223 8872
1399 11229 22665
1400 11231 8534
1401 11232 1002
1402 11238 9309
1403 11246 8480
1404 11256 8145
1405 11256 8857
1406 11285 181
1407 11286 1362
1408 11287 14105
1409 11294 10391
1410 11298 2887
1411 11302 23761
1412 11312 12646
1413 11329 17232
1414 11332 3292
1415 11334 19342
1416 11344 2246
1417 11346 20549
1418 11352 19831
1419 11363 22482
1420 11365 1954
1421 11365 7788
1422 11368 5952
1423 11372 1481
1424 11373 854
1425 11379 10083
1426 11379 23499
1427 11381 17459
1428 11420 12100
1429 11420 22696
1430 11421 20928
1431 11423 19256
1432 11432 7768
1433 11434 19668
1434 11440 5960
1435 11447 16973
1436 11454 21756
1437 11455 6482
1438 11459 21214
1439 11463 16559
1440 11465 9307
1441 11470 22695
1442 11473 18089
1443 11479 19555
1444 11498 16959
1445 11502 17484
1446 11524 17129
1447 11531 8683
1448 11532 13449
1449 11533 1877
1450 11547 3946
1451 11549 23841
1452 11552 8741
1453 11558 14824
1454 11571 10644
1455 11572 5030
1456 11574 317
1457 11574 8998
1458 11586 11396
1459 11588 16035
1460 11596 1562
1461 11605 3590
1462 11613 12015
1463 11616 15259
1464 11621 8019
1465 11626 9244
1466 11637 9536
1467 11638 19677
1468 11644 11151
1469 11651 20551
1470 11658 12829
1471 11676 9585
1472 11683 22709
1473 11696 21598
1474 11715 12054
1475 11722 13254
1476 11729 14185
1477 11746 16061
1478 11750 11772
1479 11770 16267
1480 11771 19481
1481 11773 668
1482 11775 16066
1483 11783 20755
1484 11787 20136
1485 11793 17306
1486 11809 22418
1487 11817 1456
1488 11822 6602
1489 11825 23723
1490 11839 9130
1491 11851 2522
1492 11872 15873
1493 11883 4049
1494 11883 8520
1495 11893 21533
1496 11927 7154
1497 11937 6013
1498 11945 15332
1499 11959 14711
1500 11970 10623
1501 11978 13407
1502 11984 3073
1503 11991 21485
1504 12001 4889
1505 12004 23303
1506 12027 11296
1507 12029 15799
1508 12059 10431
1509 12070 3367
1510 12072 11417
1511 12077 10739
1512 12078 23043
1513 12085 13463
1514 12086 11420
1515 12086 12031
1516 12088 18459
1517 12108 21500
1518 12124 16498
1519 12139 5368
1520 12140 3646
1521 12150 5688
1522 12160 581
1523 12162 14151
1524 12175 7168
1525 12175 14734
1526 12179 398
1527 12189 16298
1528 12197 12219
1529 12204 16530
1530 12211 15007
1531 12214 2031
1532 12216 6088
1533 12252 5312
1534 12259 637
1535 12259 8067
1536 12301 7290
1537 12302 4902
1538 12306 6033
1539 12308 14643
1540 12310 11040
1541 12311 19314
1542 12329 17718
1543 12333 22885
1544 12348 10295
1545 12357 2299
1546 12357 13697
1547 12370 3425
1548 12379 2062
1549 12396 17447
1550 12397 19685
1551 12405 14557
1552 12411 21070
1553 12416 9251
1554 12427 858
1555 12435 7351
1556 12447 16123
1557 12451 6429
1558 12452 20318
1559 12453 22457
1560 12458 15688
1561 12487 18062
1562 12489 10852
1563 12493 2741
1564 12499 6493
1565 12507 15508
1566 12540 1841
1567 12542 8153
1568 12564 18386
1569 12571 750
1570 12577 7857
1571 12582 15524
1572 12585 2992
1573 12585 5059
1574 12588 17332
1575 12607 8595
1576 12616 7251
1577 12635 20875
1578 12638 13166
1579 12646 14430
1580 12653 14631
1581 12666 19
1582 12668 22767
1583 12677 5241
1584 12680 15525
1585 12694 3280
1586 12705 12333
1587 12707 2016
1588 12707 10848
1589 12710 1698
1590 12714 15764
1591 12718 22720
1592 12755 3512
1593 12761 21463
1594 12768 21587
1595 12770 12824
1596 12771 2945
1597 12773 18610
1598 12799 1720
1599 12799 11692
1600 12802 23706
1601 12804 3636
1602 12808 15775
1603 12818 16238
1604 12821 6673
1605 12822 17947
1606 12829 12161
1607 12841 12459
1608 12847 8545
1609 12847 20382
1610 12857 14994
1611 12883 20833
1612 12888 10835
1613 12902 12324
1614 12907 22495
1615 12908 3875
1616 12908 11844
1617 12910 22165
1618 12910 23632
1619 12915 17479
1620 12918 2313
1621 12919 21190
1622 12925 7671
1623 12932 1062
1624 12940 4632
1625 12955 15734
1626 12957 9640
1627 12962 10261
1628 12966 21740
1629 12981 16841
1630 12990 15109
1631 12991 17071
1632 12995 20873
1633 13004 3733
1634 13010 16524
1635 13016 20957
1636 13025 5795
1637 13045 23137
1638 13064 14585
1639 13070 22972
1640 13074 20931
1641 13077 17870
1642 13078 7678
1643 13095 22738
1644 13110 5257
1645 13125 19523
1646 13142 14800
1647 13150 16984
1648 13151 13774
1649 13169 13898
1650 13169 23915
1651 13171 13773
1652 13174 20949
1653 13178 18231
1654 13182 20691
1655 13198 22531
1656 13199 23482
1657 13203 11737
1658 13209 13396
1659 13211 18231
1660 13224 282
1661 13230 686
1662 13243 18204
1663 13256 18383
1664 13256 20370
1665 13266 21044
1666 13279 14433
1667 13282 1255
1668 13289 16372
1669 13295 558
1670 13303 15222
1671 13305 2610
1672 13307 15199
1673 13314 9738
1674 13339 4730
1675 13375 3308
1676 13379 18491
1677 13396 12425
1678 13400 14221
1679 13402 17226
1680 13410 9675
1681 13416 1377
1682 13418 11868
1683 13424 9625
1684 13435 17888
1685 13447 8727
1686 13452 23197
1687 13455 1266
1688 13507 7324
1689 13519 17778
1690 13521 15753
1691 13528 9018
1692 13534 13778
1693 13568 1116
1694 13575 13297
1695 13589 20602
1696 13592 782
1697 13597 15765
1698 13603 6334
1699 13606 14661
1700 13617 21721
1701 13623 22589
1702 13635 20492
1703 13636 14689
1704 13658 12211
1705 13663 2238
1706 13663 11699
1707 13673 9026
1708 13679 18586
1709 13697 4380
1710 13699 5568
1711 13704 4335
1712 13721 3194
1713 13727 16085
1714 13736 11116
1715 13759 13055
1716 13761 17365
1717 13768 5171
1718 13781 21007
1719 13803 5854
1720 13809 12812
1721 13812 19500
1722 13819 8738
1723 13851 9447
1724 13855 6940
1725 13861 3640
1726 13862 11473
1727 13894 117
1728 13903 15568
1729 13911 16006
1730 13912 3090
1731 13915 18311
1732 13931 17444
1733 13932 19818
1734 13950 17331
1735 13952 22382
1736 13966 12302
1737 13981 3962
1738 13983 13414
1739 14014 16630
1740 14023 21628
1741 14032 14717
1742 14043 21006
1743 14095 4823
1744 14096 21937
1745 14109 14792
1746 14122 23123
1747 14125 7537
1748 14138 18006
1749 14157 5495
1750 14171 3515
1751 14182 20503
1752 14183 20836
1753 14187 16158
1754 14188 16322
1755 14197 7741
1756 14213 13490
1757 14231 12776
1758 14238 2104
1759 14245 16809
1760 14249 4039
1761 14258 22365
1762 14271 10031
1763 14277 15443
1764 14278 5138
1765 14285 20768
1766 14290 6265
1767 14290 12331
1768 14296 16978
1769 14305 3784
1770 14305 6178
1771 14313 11059
1772 14323 4006
1773 14329 6980
1774 14332 20297
1775 14350 7163
1776 14360 5707
1777 14371 15794
1778 14373 16900
1779 14374 3075
1780 14376 10420
1781 14382 18069
1782 14384 17215
1783 14403 8074
1784 14411 8823
1785 14412 623
1786 14436 13740
1787 14453 19406
1788 14454 14541
1789 14459 707
1790 14464 574
1791 14502 12010
1792 14506 10759
1793 14514 19461
1794 14538 20954
1795 14540 11552
1796 14540 20329
1797 14552 15836
1798 14559 820
1799 14562 1051
1800 14568 3304
1801 14595 15019
1802 14599 15420
1803 14601 9036
1804 14608 7851
1805 14612 10305
1806 14614 6887
1807 14617 2521
1808 14628 1747
1809 14628 17708
1810 14664 18125
1811 14666 6850
1812 14672 17300
1813 14673 15569
1814 14698 19898
1815 14702 1353
1816 14705 1759
1817 14723 13633
1818 14724 17105
1819 14733 15685
1820 14736 22128
1821 14741 8296
1822 14756 4921
1823 14760 20339
1824 14762 1147
1825 14773 11184
1826 14777 7649
1827 14790 22946
1828 14792 22519
1829 14796 8550
1830 14803 2729
1831 14814 11108
1832 14818 19627
1833 14846 5390
1834 14866 15115
1835 14874 21574
1836 14895 13403
1837 14899 7146
1838 14926 12465
1839 14928 4555
1840 14933 7189
1841 14944 12441
1842 14953 1417
1843 14955 295
1844 14956 17398
1845 14957 4368
1846 14960 7343
1847 14962 12739
1848 14969 1684
1849 14969 19510
1850 14981 5123
1851 14991 16886
1852 14997 23298
1853 14998 16855
1854 15001 16022
1855 15002 2546
1856 15010 728
1857 15013 150
1858 15015 12438
1859 15018 13929
1860 15020 3015
1861 15020 19129
1862 15037 152
1863 15044 12099
1864 15047 21888
1865 15052 4738
1866 15068 4529
1867 15070 12894
1868 15074 6943
1869 15076 12116
1870 15090 12673
1871 15093 10911
1872 15093 11183
1873 15100 23126
1874 15104 23207
1875 15109 23623
1876 15143 6940
1877 15143 22826
1878 15154 16947
1879 15160 14344
1880 15170 10135
1881 15189 11934
1882 15193 1810
1883 15198 5460
1884 15200 20910
1885 15214 16916
1886 15223 14054
1887 15228 10994
1888 15244 12628
1889 15260 1215
1890 15263 20315
1891 15267 23380
1892 15268 6444
1893 15268 9789
1894 15273 20716
1895 15276 14214
1896 15280 2883
1897 15284 9680
1898 15289 18029
1899 15291 1221
1900 15300 15280
1901 15301 481
1902 15302 1679
1903 15302 5856
1904 15303 966
1905 15305 11125
1906 15305 14217
1907 15308 12701
1908 15321 19323
1909 15323 7408
1910 15325 1096
1911 15325 12758
1912 15330 6737
1913 15344 5837
1914 15349 21521
1915 15354 7059
1916 15361 11956
1917 15366 3785
1918 15368 12217
1919 15375 7121
1920 15384 15053
1921 15394 20659
1922 15396 13118
1923 15413 12619
1924 15413 19901
1925 15418 15993
1926 15429 10857
1927 15430 17391
1928 15433 1980
1929 15434 17777
1930 15434 19745
1931 15435 14030
1932 15442 16584
1933 15442 17045
1934 15460 9695
1935 15461 5132
1936 15462 18366
1937 15468 575
1938 15468 22672
1939 15477 1231
1940 15481 15490
1941 15486 915
1942 15488 19923
1943 15494 20680
1944 15495 10802
1945 15497 4708
1946 15497 4853
1947 15512 18232
1948 15512 21303
1949 15516 10780
1950 15535 14866
1951 15550 904
1952 15554 4023
1953 15566 10985
1954 15590 16829
1955 15591 13548
1956 15618 8632
1957 15632 2430
1958 15636 5398
1959 15638 12716
1960 15658 17185
1961 15661 6524
1962 15676 4723
1963 15682 21095
1964 15683 4783
1965 15691 16509
1966 15697 4330
1967 15697 4349
1968 15699 10531
1969 15707 20380
1970 15713 15959
1971 15724 12099
1972 15733 17497
1973 15736 6775
1974 15744 1006
1975 15751 2945
1976 15752 6126
1977 15757 2557
1978 15767 3150
1979 15783 143
1980 15790 18897
1981 15810 4278
1982 15823 9079
1983 15834 23253
1984 15836 6554
1985 15842 12366
1986 15851 8665
1987 15861 5856
1988 15861 15904
1989 15867 664
1990 15874 2887
1991 15879 1856
1992 15909 18141
1993 15917 17077
1994 15931 16240
1995 15938 18424
1996 15970 6593
1997 15978 6996
1998 15978 10223
1999 15980 3242
2000 15987 13356
2001 15988 7183
2002 15991 9704
2003 15992 6608
2004 15994 4505
2005 16008 6815
2006 16015 16849
2007 16040 3535
2008 16041 2341
2009 16058 22396
2010 16064 4543
2011 16064 8833
2012 16070 9672
2013 16073 3523
2014 16074 14324
2015 16090 12908
2016 16106 713
2017 16110 9529
2018 16112 22693
2019 16125 12061
2020 16137 20793
2021 16144 2798
2022 16157 21386
2023 16158 9263
2024 16171 21301
2025 16176 14092
2026 16179 19031
2027 16187 20300
2028 16200 1840
2029 16200 7950
2030 16220 5030
2031 16234 8471
2032 16246 19075
2033 16251 18475
2034 16270 14082
2035 16275 3672
2036 16275 19164
2037 16288 8746
2038 16288 21675
2039 16308 6095
2040 16316 4335
2041 16349 18858
2042 16357 5146
2043 16358 19900
2044 16371 19468
2045 16374 11459
2046 16379 5176
2047 16397 3760
2048 16401 8367
2049 16412 4210
2050 16413 10951
2051 16418 7697
2052 16428 14213
2053 16430 12493
2054 16432 1524
2055 16432 17693
2056 16437 987
2057 16453 7401
2058 16458 187
2059 16459 8208
2060 16476 430
2061 16484 16327
2062 16502 3079
2063 16523 7247
2064 16524 11359
2065 16525 5694
2066 16527 120
2067 16531 16239
2068 16534 14661
2069 16540 13616
2070 16551 11329
2071 16557 17733
2072 16560 19441
2073 16563 8580
2074 16576 17287
2075 16589 23412
2076 16591 33
2077 16602 19465
2078 16606 1732
2079 16609 3990
2080 16610 14430
2081 16610 16637
2082 16610 19180
2083 16616 16867
2084 16632 6921
2085 16635 6317
2086 16648 3250
2087 16653 18442
2088 16662 5374
2089 16670 10681
2090 16675 13980
2091 16678 16719
2092 16689 17438
2093 16696 8644
2094 16698 5259
2095 16712 14277
2096 16715 6917
2097 16716 17866
2098 16721 7909
2099 16725 18307
2100 16746 9859
2101 16746 22555
2102 16747 9376
2103 16752 14139
2104 16754 202
2105 16757 14408
2106 16762 1063
2107 16773 22779
2108 16776 10035
2109 16779 22449
2110 16787 11736
2111 16792 4191
2112 16796 7864
2113 16796 11595
2114 16796 21039
2115 16800 13145
2116 16816 8009
2117 16829 16326
2118 16851 21093
2119 16860 11179
2120 16861 22843
2121 16882 20520
2122 16892 1804
2123 16912 22366
2124 16927 15809
2125 16930 22632
2126 16931 15467
2127 16934 989
2128 16942 22554
2129 16943 1005
2130 16943 21394
2131 16946 21395
2132 16949 13676
2133 16959 10477
2134 16960 11964
2135 16965 16067
2136 16967 23008
2137 16973 17812
2138 16987 7126
2139 16994 6755
2140 16997 2144
2141 16998 896
2142 16999 10626
2143 17001 7547
2144 17003 2500
2145 17011 15053
2146 17039 17447
2147 17054 17229
2148 17060 21088
2149 17076 18437
2150 17076 21744
2151 17087 10787
2152 17109 19786
2153 17127 12200
2154 17164 807
2155 17173 16589
2156 17174 19797
2157 17180 12647
2158 17181 8588
2159 17181 22201
2160 17189 18287
2161 17193 7417
2162 17196 5093
2163 17214 6581
2164 17231 10037
2165 17237 12876
2166 17241 9167
2167 17244 20673
2168 17247 5424
2169 17253 10763
2170 17256 6475
2171 17259 533
2172 17259 8076
2173 17261 22164
2174 17272 5559
2175 17275 9611
2176 17280 11273
2177 17281 9656
2178 17291 10726
2179 17293 2205
2180 17295 8434
2181 17297 1302
2182 17322 11634
2183 17334 11895
2184 17338 23744
2185 17345 3055
2186 17356 23087
2187 17360 15867
2188 17367 11380
2189 17371 10477
2190 17377 23956
2191 17386 3127
2192 17388 994
2193 17393 12213
2194 17399 20147
2195 17401 12118
2196 17410 1094
2197 17412 20508
2198 17418 13029
2199 17426 7066
2200 17442 15239
2201 17450 9114
2202 17457 22160
2203 17470 5179
2204 17475 17837
2205 17485 22525
2206 17489 14330
2207 17499 7401
2208 17504 20488
2209 17505 23198
2210 17509 18990
2211 17542 22075
2212 17546 7474
2213 17546 22450
2214 17569 16877
2215 17574 11882
2216 17577 20928
2217 17591 20317
2218 17593 4041
2219 17593 14206
2220 17599 1895
2221 17603 22350
2222 17604 7839
2223 17619 14653
2224 17627 1525
2225 17628 5203
2226 17630 8751
2227 17630 15811
2228 17633 12898
2229 17652 8731
2230 17664 18270
2231 17667 6404
2232 17670 15974
2233 17679 82
2234 17683 5454
2235 17688 2046
2236 17702 2481
2237 17705 421
2238 17712 4404
2239 17720 4317
2240 17720 23927
2241 17728 14396
2242 17738 7252
2243 17740 5934
2244 17750 424
2245 17758 15332
2246 17764 7995
2247 17769 4413
2248 17770 16046
2249 17771 2444
2250 17779 18759
2251 17786 8170
2252 17788 3115
2253 17789 4651
2254 17793 18482
2255 17794 1030
2256 17809 3140
2257 17813 10974
2258 17819 213
2259 17824 14378
2260 17827 12739
2261 17839 17001
2262 17849 17263
2263 17855 3229
2264 17868 7728
2265 17877 541
2266 17879 17934
2267 17893 3898
2268 17912 1166
2269 17917 1463
2270 17921 533
2271 17927 22057
2272 17936 6084
2273 17947 18476
2274 17992 6777
2275 18006 9570
2276 18025 1237
2277 18025 23678
2278 18027 22798
2279 18028 379
2280 18030 5645
2281 18031 13378
2282 18038 20690
2283 18045 9880
2284 18051 8423
2285 18059 23816
2286 18069 15016
2287 18070 3694
2288 18071 15740
2289 18078 7436
2290 18080 51
2291 18081 18219
2292 18085 7262
2293 18102 4312
2294 18116 18342
2295 18123 827
2296 18127 23496
2297 18135 17638
2298 18142 12638
2299 18159 111
2300 18161 2760
2301 18193 8671
2302 18217 6303
2303 18235 19451
2304 18236 23956
2305 18240 13495
2306 18246 21486
2307 18247 7517
2308 18249 19562
2309 18249 21927
2310 18250 7932
2311 18261 2016
2312 18269 22461
2313 18273 9764
2314 18275 5272
2315 18276 21137
2316 18285 10102
2317 18285 17192
2318 18289 3020
2319 18290 6365
2320 18291 2446
2321 18300 23424
2322 18304 8471
2323 18304 11922
2324 18308 612
2325 18308 16195
2326 18310 23373
2327 18311 7259
2328 18311 19870
2329 18332 12856
2330 18334 23073
2331 18347 23325
2332 18350 7067
2333 18354 11471
2334 18361 15659
2335 18365 5696
2336 18379 2977
2337 18387 1269
2338 18387 23107
2339 18410 9443
2340 18416 8691
2341 18424 733
2342 18491 6052
2343 18526 5729
2344 18528 2128
2345 18529 20660
2346 18533 19534
2347 18544 1272
2348 18561 95
2349 18565 19825
2350 18581 20964
2351 18583 16126
2352 18592 99
2353 18598 3942
2354 18631 8420
2355 18647 7572
2356 18651 15028
2357 18657 14029
2358 18661 18082
2359 18663 5310
2360 18676 16563
2361 18691 18195
2362 18698 12519
2363 18705 6639
2364 18715 4372
2365 18726 2528
2366 18732 23499
2367 18742 8034
2368 18743 10303
2369 18745 12556
2370 18751 22214
2371 18758 3472
2372 18792 16076
2373 18802 15004
2374 18825 19585
2375 18831 8586
2376 18832 10413
2377 18844 9428
2378 18854 19083
2379 18865 22269
2380 18892 1517
2381 18894 7154
2382 18899 13439
2383 18905 277
2384 18908 3158
2385 18910 10148
2386 18911 23452
2387 18912 20516
2388 18925 13800
2389 18944 7152
2390 18948 1774
2391 18954 1701
2392 18954 2511
2393 18957 10186
2394 18984 149
2395 18988 4654
2396 18991 21713
2397 18999 19053
2398 19002 1815
2399 19015 3512
2400 19017 16995
2401 19024 12174
2402 19043 18149
2403 19049 18329
2404 19050 7640
2405 19057 5664
2406 19057 5953
2407 19059 9967
2408 19064 9481
2409 19069 1015
2410 19075 17752
2411 19080 3049
2412 19083 15145
2413 19088 21807
2414 19105 11912
2415 19111 17465
2416 19123 18523
2417 19141 19240
2418 19148 5299
2419 19148 12025
2420 19154 14349
2421 19154 15180
2422 19159 18687
2423 19162 9082
2424 19168 12068
2425 19178 13645
2426 19188 19717
2427 19193 6492
2428 19206 22482
2429 19225 1895
2430 19254 3821
2431 19258 3770
2432 19275 3456
2433 19277 5311
2434 19292 6734
2435 19292 16493
2436 19306 21135
2437 19316 19149
2438 19319 21830
2439 19327 4109
2440 19330 603
2441 19339 15634
2442 19352 10791
2443 19356 12516
2444 19363 875
2445 19364 21684
2446 19376 23247
2447 19380 11694
2448 19419 1306
2449 19425 20362
2450 19430 21695
2451 19432 12925
2452 19439 13130
2453 19449 12567
2454 19452 1835
2455 19455 20909
2456 19463 4781
2457 19470 3035
2458 19471 5348
2459 19488 19301
2460 19494 4669
2461 19500 13269
2462 19504 10390
2463 19504 20851
2464 19504 21078
2465 19508 15708
2466 19519 21140
2467 19541 13878
2468 19543 18726
2469 19543 22563
2470 19550 12106
2471 19550 17324
2472 19568 12189
2473 19569 681
2474 19589 15109
2475 19616 16173
2476 19639 17820
2477 19655 3621
2478 19672 1412
2479 19675 15534
2480 19676 3817
2481 19744 11971
2482 19744 22037
2483 19746 6574
2484 19753 22707
2485 19760 8974
2486 19762 22170
2487 19778 10248
2488 19789 19876
2489 19793 22680
2490 19797 20956
2491 19815 11374
2492 19818 11222
2493 19826 16995
2494 19856 12385
2495 19856 21720
2496 19889 17113
2497 19893 8932
2498 19910 3748
2499 19910 8649
2500 19927 14316
2501 19936 20598
2502 19939 20923
2503 19939 21586
2504 19943 14429
2505 19944 12174
2506 19948 18862
2507 19952 1704
2508 19965 17503
2509 19967 8216
2510 19974 14700
2511 19997 9564
2512 19998 4296
2513 19999 11207
2514 20003 20922
2515 20004 18435
2516 20006 690
2517 20007 11619
2518 20011 12089
2519 20027 7741
2520 20027 23216
2521 20028 22940
2522 20042 7008
2523 20049 1888
2524 20058 12060
2525 20085 10736
2526 20085 17232
2527 20086 4340
2528 20090 9516
2529 20115 16454
2530 20121 2137
2531 20123 23459
2532 20128 3643
2533 20137 4976
2534 20138 11114
2535 20164 15340
2536 20175 22109
2537 20176 13458
2538 20192 14240
2539 20198 20179
2540 20201 5900
2541 20201 17487
2542 20224 23372
2543 20254 23059
2544 20264 13436
2545 20281 13971
2546 20286 4610
2547 20286 20472
2548 20293 21214
2549 20299 14974
2550 20305 9904
2551 20326 6147
2552 20335 746
2553 20337 13948
2554 20338 10804
2555 20341 18530
2556 20342 11366
2557 20348 7366
2558 20351 9733
2559 20352 14897
2560 20355 10031
2561 20355 15531
2562 20356 19847
2563 20362 11483
2564 20364 10893
2565 20368 4559
2566 20368 14523
2567 20381 2428
2568 20387 20934
2569 20396 4570
2570 20409 14490
2571 20424 1960
2572 20433 463
2573 20448 13909
2574 20461 15728
2575 20487 14246
2576 20487 17117
2577 20498 18682
2578 20504 19174
2579 20505 3601
2580 20505 9839
2581 20505 12781
2582 20505 17708
2583 20508 6619
2584 20521 18378
2585 20522 8951
2586 20522 10939
2587 20525 10133
2588 20526 19816
2589 20528 12248
2590 20549 3814
2591 20563 23676
2592 20566 16195
2593 20587 1213
2594 20600 10356
2595 20605 12777
2596 20606 20415
2597 20615 5142
2598 20635 9014
2599 20669 1318
2600 20671 10993
2601 20675 4009
2602 20682 562
2603 20682 20876
2604 20684 721
2605 20688 17688
2606 20695 12500
2607 20720 11307
2608 20728 9088
2609 20733 5854
2610 20733 17967
2611 20743 22378
2612 20755 11164
2613 20756 9674
2614 20765 4785
2615 20766 3555
2616 20772 7139
2617 20775 19935
2618 20778 6218
2619 20780 14535
2620 20782 8262
2621 20792 11178
2622 20792 23306
2623 20793 21375
2624 20810 11484
2625 20825 21823
2626 20828 14414
2627 20834 23852
2628 20843 5602
2629 20845 22410
2630 20847 2428
2631 20854 16186
2632 20866 6761
2633 20873 14598
2634 20874 19228
2635 20875 5658
2636 20875 18656
2637 20877 9720
2638 20880 19536
2639 20895 834
2640 20896 11933
2641 20921 18746
2642 20923 13047
2643 20950 20532
2644 20953 21631
2645 20969 23070
2646 20983 15155
2647 21006 8579
2648 21012 8830
2649 21015 20441
2650 21021 3299
2651 21030 11356
2652 21037 6276
2653 21038 17382
2654 21042 14691
2655 21053 16191
2656 21060 17602
2657 21068 14587
2658 21069 9004
2659 21078 984
2660 21079 19090
2661 21089 6913
2662 21092 12632
2663 21098 23442
2664 21102 10757
2665 21120 2751
2666 21155 20351
2667 21167 6658
2668 21169 8415
2669 21171 9828
2670 21179 9075
2671 21189 16074
2672 21192 11531
2673 21202 23722
2674 21224 9712
2675 21228 14880
2676 21232 12301
2677 21240 8868
2678 21256 13957
2679 21263 9555
2680 21280 22599
2681 21297 15339
2682 21299 15068
2683 21306 22058
2684 21310 8013
2685 21319 9626
2686 21325 2565
2687 21327 21338
2688 21343 20006
2689 21349 23944
2690 21354 22253
2691 21361 10866
2692 21362 3852
2693 21367 4170
2694 21375 3548
2695 21392 6398
2696 21393 6186
2697 21400 10304
2698 21409 64
2699 21409 18824
2700 21409 22313
2701 21418 7518
2702 21421 3045
2703 21427 13206
2704 21428 21495
2705 21428 23922
2706 21435 10902
2707 21448 16297
2708 21452 21840
2709 21462 18221
2710 21465 10464
2711 21477 23170
2712 21480 16370
2713 21487 2278
2714 21487 18368
2715 21489 2150
2716 21495 15052
2717 21498 8230
2718 21500 16279
2719 21502 21470
2720 21513 2542
2721 21538 930
2722 21540 7061
2723 21543 307
2724 21548 21093
2725 21550 9094
2726 21551 17717
2727 21568 3236
2728 21578 18179
2729 21590 7706
2730 21590 22101
2731 21590 23370
2732 21594 15358
2733 21603 9018
2734 21606 12748
2735 21624 1717
2736 21628 62
2737 21634 22914
2738 21638 16865
2739 21643 13045
2740 21650 15163
2741 21654 4889
2742 21657 1538
2743 21668 14530
2744 21686 23588
2745 21697 16992
2746 21698 7510
2747 21701 1671
2748 21705 7639
2749 21733 13614
2750 21734 20526
2751 21741 15606
2752 21743 5309
2753 21743 6176
2754 21744 1933
2755 21744 12350
2756 21766 13565
2757 21774 18572
2758 21775 17459
2759 21777 7126
2760 21784 15280
2761 21787 23319
2762 21808 17713
2763 21810 6337
2764 21818 19110
2765 21820 9358
2766 21822 23655
2767 21823 16965
2768 21828 8907
2769 21836 18171
2770 21855 16807
2771 21860 17319
2772 21867 5202
2773 21868 2052
2774 21869 7658
2775 21880 13406
2776 21900 84
2777 21904 4017
2778 21904 12299
2779 21904 22443
2780 21913 19397
2781 21921 10872
2782 21923 10060
2783 21940 323
2784 21940 18905
2785 21955 7817
2786 21955 14099
2787 21961 10994
2788 21967 8100
2789 21967 15316
2790 21973 23029
2791 21986 5070
2792 21991 23277
2793 22002 4900
2794 22006 16729
2795 22013 11840
2796 22026 21345
2797 22034 12055
2798 22042 21142
2799 22046 1661
2800 22047 9221
2801 22049 18581
2802 22055 10748
2803 22059 1221
2804 22063 13248
2805 22066 11003
2806 22073 17804
2807 22074 10846
2808 22084 22596
2809 22102 5840
2810 22105 5622
2811 22106 2888
2812 22116 22143
2813 22134 768
2814 22137 13692
2815 22141 19759
2816 22153 21244
2817 22156 6261
2818 22167 8626
2819 22172 14805
2820 22176 3604
2821 22192 2754
2822 22198 4610
2823 22216 2032
2824 22224 2278
2825 22229 93
2826 22231 7419
2827 22260 5148
2828 22262 12617
2829 22263 14720
2830 22275 3238
2831 22280 12061
2832 22283 9723
2833 22289 14397
2834 22289 17835
2835 22320 97
2836 22333 4914
2837 22335 21408
2838 22338 2317
2839 22345 19191
2840 22347 6673
2841 22349 23104
2842 22359 12307
2843 22384 20968
2844 22393 411
2845 22393 20192
2846 22397 5789
2847 22414 8576
2848 22415 8026
2849 22424 22811
2850 22427 13967
2851 22435 20239
2852 22441 21631
2853 22444 17110
2854 22453 17443
2855 22455 17328
2856 22457 23275
2857 22464 11362
2858 22471 8440
2859 22490 5141
2860 22497 15307
2861 22516 10405
2862 22517 10788
2863 22524 17371
2864 22528 11610
2865 22543 4483
2866 22543 21564
2867 22544 15506
2868 22559 17222
2869 22572 16316
2870 22598 346
2871 22599 9907
2872 22610 2086
2873 22610 6723
2874 22615 8438
2875 22616 23366
2876 22620 20018
2877 22630 122
2878 22637 16733
2879 22640 20467
2880 22651 15518
2881 22654 4813
2882 22661 17274
2883 22668 858
2884 22669 22608
2885 22686 20151
2886 22691 6832
2887 22693 20708
2888 22701 7610
2889 22701 23401
2890 22705 3117
2891 22719 22863
2892 22722 11168
2893 22726 13969
2894 22731 10763
2895 22739 14521
2896 22748 12327
2897 22751 13811
2898 22784 21513
2899 22791 20301
2900 22793 12520
2901 22797 8317
2902 22808 11623
2903 22809 18504
2904 22814 23527
2905 22826 19677
2906 22865 10315
2907 22874 13549
2908 22878 7966
2909 22878 16305
2910 22887 10606
2911 22900 20302
2912 22901 18673
2913 22908 17853
2914 22912 14525
2915 22930 13268
2916 22932 1081
2917 22951 5579
2918 22962 7530
2919 22969 20387
2920 22970 17281
2921 22975 7606
2922 22990 7075
2923 23000 8653
2924 23002 17132
2925 23006 8072
2926 23007 23373
2927 23031 10694
2928 23033 5235
2929 23049 16763
2930 23055 13945
2931 23056 15658
2932 23079 968
2933 23084 3929
2934 23084 4083
2935 23088 5844
2936 23098 10917
2937 23100 5421
2938 23102 756
2939 23109 16055
2940 23149 9726
2941 23150 4158
2942 23164 17824
2943 23168 17192
2944 23183 1158
2945 23193 13194
2946 23211 20884
2947 23226 79
2948 23229 20338
2949 23251 6703
2950 23254 20499
2951 23256 2670
2952 23260 6624
2953 23275 1175
2954 23275 4754
2955 23290 165
2956 23293 5834
2957 23295 21317
2958 23305 2672
2959 23321 15644
2960 23327 13665
2961 23339 485
2962 23349 20597
2963 23352 21630
2964 23358 6711
2965 23367 6204
2966 23383 18513
2967 23388 6308
2968 23399 6892
2969 23400 2338
2970 23403 19389
2971 23408 11720
2972 23411 11883
2973 23426 12705
2974 23457 19825
2975 23459 12775
2976 23462 20730
2977 23468 7709
2978 23475 15142
2979 23498 21632
2980 23501 2417
2981 23502 22698
2982 23508 20171
2983 23514 17570
2984 23527 1183
2985 23532 5039
2986 23535 6027
2987 23549 21592
2988 23556 2024
2989 23556 21611
2990 23565 8158
2991 23590 9114
2992 23590 16990
2993 23591 4846
2994 23593 9797
2995 23595 10451
2996 23597 21738
2997 23613 10114
2998 23615 6882
2999 23639 22043
3000 23644 14343
3001 23656 18936
3002 23657 17378
3003 23663 1050
3004 23668 11989
3005 23669 21115
3006 23680 18408
3007 23684 13074
3008 23689 4510
3009 23691 21778
3010 23702 12915
3011 23708 3866
3012 23711 10048
3013 23711 13384
3014 23714 19187
3015 23715 10299
3016 23724 21959
3017 23731 17678
3018 23742 19515
3019 23761 7874
3020 23766 23104
3021 23770 2084
3022 23775 329
3023 23782 20173
3024 23798 21037
3025 23812 23735
3026 23825 20700
3027 23829 23065
3028 23843 14679
3029 23850 5500
3030 23863 23633
3031 23867 3690
3032 23883 17561
3033 23885 5348
3034 23892 19239
3035 23919 5614
3036 23923 4118
3037 23926 23654
3038 23930 3351
3039 23932 23957
3040 23939 8591
3041 23940 23933
3042 23950 11498
3043 23956 6971
3044 23958 20622