1 1067 7826
1 54 250
2 57 7058
3 67 1841
4 69 2513
5 72 4250
6 87 4780
7 103 1406
8 104 2440
9 108 3998
10 113 2777
11 129 7749
12 134 2582
13 143 6742
14 143 6816
15 144 5905
16 168 740
17 170 4097
18 173 4745
19 177 4210
20 192 1974
21 214 2432
22 224 2920
23 229 7276
24 233 1735
25 239 175
26 248 5256
27 250 3942
28 258 2580
29 267 2504
30 280 6380
31 301 5591
32 301 6489
33 318 4370
34 336 6606
35 337 7281
36 340 4259
37 352 2146
38 369 1066
39 370 4175
40 373 1612
41 398 4597
42 403 2280
43 408 2091
44 413 3276
45 417 2316
46 424 4720
47 434 1835
48 437 6162
49 461 6360
50 474 5094
51 483 7003
52 494 2726
53 506 7314
54 523 5553
55 533 5632
56 547 6544
57 549 3142
58 550 1916
59 555 2017
60 556 7688
61 558 3232
62 563 105
63 570 1168
64 578 4498
65 582 4033
66 585 6879
67 591 517
68 596 7584
69 604 6940
70 612 4955
71 614 4093
72 614 7743
73 621 4554
74 623 5151
75 624 7634
76 651 3789
77 652 3405
78 653 2331
79 654 377
80 674 567
81 675 6588
82 680 4483
83 686 991
84 717 7039
85 719 3653
86 720 4954
87 732 6802
88 733 4666
89 749 2830
90 769 300
91 774 5460
92 778 1840
93 783 4795
94 784 1402
95 786 6064
96 790 2586
97 796 2924
98 802 2429
99 815 2318
100 818 2161
101 835 2577
102 851 5118
103 873 3596
104 887 4697
105 889 1747
106 889 4580
107 895 642
108 896 6812
109 901 6411
110 913 6265
111 915 6262
112 924 3315
113 927 4501
114 928 1058
115 958 5544
116 960 1367
117 967 6575
118 969 4467
119 988 2633
120 994 3057
121 1006 1479
122 1012 368
123 1025 5963
124 1045 6994
125 1047 3197
126 1052 1896
127 1055 1896
128 1057 2327
129 1058 7149
130 1078 3420
131 1079 7192
132 1085 7167
133 1086 6710
134 1090 3109
135 1104 906
136 1105 6712
137 1120 1894
138 1131 4786
139 1133 221
140 1134 1849
141 1138 2541
142 1143 6190
143 1145 1080
144 1148 4638
145 1162 4671
146 1168 7821
147 1171 5949
148 1173 2617
149 1196 6151
150 1225 3393
151 1229 3670
152 1230 3940
153 1230 6920
154 1264 1767
155 1268 3364
156 1277 50
157 1278 6512
158 1287 1771
159 1304 2440
160 1309 2451
161 1318 6600
162 1325 7760
163 1329 822
164 1350 2654
165 1352 6998
166 1357 1036
167 1398 6619
168 1400 114
169 1408 989
170 1422 792
171 1426 4485
172 1432 4596
173 1433 3049
174 1439 6978
175 1444 6335
176 1450 3717
177 1451 4515
178 1461 6259
179 1463 1632
180 1471 5471
181 1475 336
182 1477 5201
183 1485 1010
184 1491 685
185 1493 7498
186 1501 2841
187 1502 6711
188 1512 7494
189 1521 7205
190 1526 5923
191 1531 5158
192 1533 6133
193 1544 7626
194 1549 692
195 1550 594
196 1553 5073
197 1554 3360
198 1560 1891
199 1566 1987
200 1572 3892
201 1574 2816
202 1575 5829
203 1583 2590
204 1585 1553
205 1586 1389
206 1595 171
207 1599 4413
208 1617 3826
209 1621 2241
210 1630 6404
211 1632 4073
212 1639 6329
213 1644 1458
214 1650 3371
215 1652 6394
216 1675 543
217 1683 7388
218 1699 206
219 1707 5339
220 1711 4517
221 1714 6017
222 1715 1412
223 1755 5262
224 1756 434
225 1758 680
226 1764 3650
227 1767 1631
228 1776 6982
229 1782 5214
230 1783 7723
231 1793 2789
232 1800 1246
233 1804 6201
234 1810 6305
235 1816 2283
236 1821 7584
237 1851 7055
238 1859 3061
239 1860 36
240 1866 6356
241 1882 5351
242 1895 6083
243 1896 1878
244 1897 3797
245 1916 1157
246 1917 4696
247 1928 1099
248 1934 3075
249 1935 1816
250 1940 4430
251 1942 4822
252 1942 7371
253 1948 3452
254 1958 4850
255 1962 7635
256 1966 2230
257 1995 2494
258 2000 2138
259 2016 5689
260 2022 7127
261 2028 180
262 2034 6333
263 2042 6583
264 2043 2220
265 2058 3433
266 2063 5537
267 2067 4643
268 2075 7286
269 2083 5190
270 2090 3829
271 2098 7035
272 2103 4507
273 2105 3834
274 2110 3504
275 2117 6136
276 2121 2314
277 2121 2632
278 2126 18
279 2129 1855
280 2134 3458
281 2137 7134
282 2142 16
283 2148 1094
284 2174 2644
285 2177 4511
286 2182 1650
287 2194 5225
288 2197 276
289 2200 5512
290 2218 6388
291 2234 111
292 2238 908
293 2242 1823
294 2242 1901
295 2254 2626
296 2259 5000
297 2261 6916
298 2263 4887
299 2268 3070
300 2272 3446
301 2274 3289
302 2280 5292
303 2283 4296
304 2292 7230
305 2300 4032
306 2301 1849
307 2304 2123
308 2307 5893
309 2315 4828
310 2315 7176
311 2318 3794
312 2324 1468
313 2327 496
314 2333 662
315 2333 3247
316 2339 4814
317 2346 4598
318 2348 6289
319 2368 3856
320 2369 3632
321 2372 1469
322 2376 6573
323 2380 4187
324 2380 6890
325 2382 1473
326 2386 1360
327 2395 5549
328 2408 33
329 2417 855
330 2429 5023
331 2432 868
332 2440 2140
333 2447 2403
334 2451 7766
335 2453 6003
336 2460 7771
337 2466 6154
338 2475 1867
339 2477 6352
340 2478 3950
341 2488 1326
342 2491 1972
343 2491 6185
344 2513 1381
345 2516 3739
346 2523 3969
347 2524 1947
348 2528 7198
349 2541 533
350 2554 6343
351 2567 1266
352 2567 2878
353 2567 6865
354 2571 5740
355 2576 3745
356 2579 2455
357 2581 6757
358 2603 1798
359 2613 6947
360 2621 5222
361 2643 3653
362 2645 4668
363 2649 2469
364 2655 7590
365 2662 224
366 2662 7803
367 2668 3842
368 2669 6086
369 2669 6227
370 2672 1651
371 2674 4895
372 2677 1266
373 2678 4891
374 2681 1321
375 2688 5589
376 2691 6539
377 2695 583
378 2700 4197
379 2702 1317
380 2706 3266
381 2722 3927
382 2730 2689
383 2730 4450
384 2740 3537
385 2741 2616
386 2746 2644
387 2778 2094
388 2797 2359
389 2813 310
390 2826 6067
391 2827 3580
392 2830 5095
393 2830 6862
394 2838 7286
395 2842 7397
396 2845 5050
397 2849 860
398 2852 4265
399 2856 1510
400 2860 1264
401 2881 5564
402 2882 7548
403 2894 2468
404 2904 7626
405 2908 5878
406 2921 843
407 2922 1683
408 2928 7533
409 2934 1267
410 2936 948
411 2941 7545
412 2946 7063
413 2949 3453
414 2953 3278
415 2958 2163
416 2981 589
417 2994 3467
418 2995 3843
419 2998 6807
420 3000 4543
421 3005 4205
422 3007 5263
423 3009 1313
424 3021 7400
425 3022 7646
426 3036 7202
427 3053 4406
428 3065 6249
429 3089 4162
430 3108 7643
431 3128 6079
432 3130 1903
433 3149 2563
434 3164 3805
435 3167 7091
436 3183 569
437 3189 2999
438 3197 594
439 3220 101
440 3222 2799
441 3225 2033
442 3232 5372
443 3241 1918
444 3259 1375
445 3259 1872
446 3268 4416
447 3276 5198
448 3302 6381
449 3306 2578
450 3306 5165
451 3306 6178
452 3351 4311
453 3367 4339
454 3369 2701
455 3376 7696
456 3409 7296
457 3412 1688
458 3419 1882
459 3432 1574
460 3432 2517
461 3436 7793
462 3438 5049
463 3452 4275
464 3460 3520
465 3468 1932
466 3472 7662
467 3478 6104
468 3489 6253
469 3489 6387
470 3490 1005
471 3503 2881
472 3511 5355
473 3516 2986
474 3521 6730
475 3541 7534
476 3547 3541
477 3554 2130
478 3561 2672
479 3570 6592
480 3587 7224
481 3602 2927
482 3638 1763
483 3650 2874
484 3651 4339
485 3656 5659
486 3664 1498
487 3664 5552
488 3671 259
489 3673 2488
490 3674 176
491 3687 358
492 3699 1257
493 3721 6127
494 3723 2438
495 3729 7241
496 3742 7684
497 3762 7812
498 3765 277
499 3766 1252
500 3776 469
501 3780 2766
502 3781 3547
503 3784 794
504 3784 3030
505 3812 2650
506 3815 1696
507 3818 4135
508 3821 3349
509 3821 6012
510 3826 5191
511 3836 3652
512 3842 2740
513 3856 6585
514 3860 3302
515 3863 7334
516 3866 7094
517 3876 6156
518 3883 6853
519 3886 536
520 3897 6604
521 3909 6491
522 3911 2218
523 3915 3155
524 3917 5959
525 3922 2043
526 3943 4266
527 3952 2688
528 3952 6335
529 3959 2864
530 3964 6496
531 3977 3381
532 3982 7734
533 3984 6042
534 3994 276
535 4003 2851
536 4020 6463
537 4028 3229
538 4038 5598
539 4039 4167
540 4064 7531
541 4096 5197
542 4105 27
543 4116 446
544 4124 33
545 4127 1757
546 4149 8
547 4161 2975
548 4175 3144
549 4187 167
550 4192 899
551 4200 3918
552 4202 2081
553 4204 7606
554 4212 5857
555 4215 4421
556 4219 4255
557 4228 1362
558 4228 7520
559 4231 1411
560 4234 5209
561 4234 6601
562 4242 2421
563 4245 6987
564 4246 103
565 4251 2539
566 4252 2314
567 4255 3204
568 4256 5052
569 4258 7544
570 4259 5351
571 4262 4576
572 4273 7490
573 4275 1797
574 4289 6895
575 4293 6257
576 4294 2023
577 4295 3221
578 4302 476
579 4307 57
580 4310 3022
581 4344 4131
582 4355 2848
583 4356 6551
584 4356 6773
585 4363 4444
586 4374 6434
587 4376 851
588 4395 4358
589 4404 3218
590 4404 3894
591 4406 1113
592 4411 726
593 4415 5063
594 4421 3121
595 4426 4640
596 4426 7092
597 4438 346
598 4441 7117
599 4454 5797
600 4464 5303
601 4470 6706
602 4472 5552
603 4473 623
604 4474 4100
605 4483 4548
606 4506 2745
607 4506 6869
608 4508 2379
609 4510 2761
610 4518 5648
611 4528 3725
612 4529 4896
613 4529 7225
614 4558 5303
615 4558 7578
616 4559 1312
617 4560 1718
618 4574 3407
619 4582 5286
620 4583 4262
621 4588 3403
622 4590 7261
623 4593 5615
624 4596 5409
625 4601 5403
626 4606 4669
627 4606 5205
628 4608 7343
629 4609 1468
630 4614 3725
631 4621 3566
632 4625 6197
633 4629 3075
634 4638 993
635 4648 1749
636 4665 881
637 4669 1462
638 4689 3937
639 4705 5693
640 4711 7673
641 4724 2081
642 4733 2980
643 4738 5405
644 4742 4639
645 4748 4413
646 4757 1475
647 4771 2280
648 4773 6123
649 4775 2440
650 4779 7532
651 4821 7811
652 4830 6708
653 4846 2732
654 4846 5215
655 4855 6777
656 4859 2169
657 4861 55
658 4894 3932
659 4896 3690
660 4907 473
661 4911 972
662 4915 5745
663 4921 113
664 4927 5351
665 4930 2013
666 4945 2850
667 4987 6342
668 4991 7018
669 4992 6967
670 4993 6313
671 4997 4621
672 4998 6403
673 5006 6259
674 5025 4503
675 5025 6611
676 5028 981
677 5030 6459
678 5044 6740
679 5046 3947
680 5056 644
681 5056 7535
682 5067 868
683 5071 6287
684 5083 6096
685 5084 3903
686 5091 68
687 5098 161
688 5105 4613
689 5117 3090
690 5117 5559
691 5121 6701
692 5126 2206
693 5131 1954
694 5146 3427
695 5158 5876
696 5169 3516
697 5204 6809
698 5205 7269
699 5214 556
700 5217 6614
701 5220 7628
702 5224 2788
703 5228 5658
704 5228 6079
705 5230 2002
706 5239 7699
707 5245 6511
708 5252 2553
709 5253 6526
710 5256 7389
711 5257 7401
712 5258 1599
713 5263 5913
714 5270 7060
715 5281 1984
716 5289 747
717 5304 4619
718 5317 6396
719 5322 1287
720 5330 585
721 5341 4447
722 5351 1374
723 5361 4241
724 5379 7031
725 5380 1286
726 5410 5301
727 5421 7702
728 5424 5878
729 5427 7713
730 5435 1374
731 5447 7067
732 5450 6946
733 5457 4670
734 5463 3469
735 5467 3630
736 5468 6521
737 5468 7332
738 5476 2881
739 5482 2946
740 5489 4825
741 5509 3428
742 5512 7303
743 5524 2514
744 5526 528
745 5531 2678
746 5542 3555
747 5543 4235
748 5547 1268
749 5553 4321
750 5555 5457
751 5559 1976
752 5562 2831
753 5566 5479
754 5575 1546
755 5584 4810
756 5598 1697
757 5606 21
758 5611 4987
759 5627 6061
760 5635 5888
761 5636 407
762 5646 7743
763 5647 935
764 5655 5041
765 5655 5204
766 5658 2320
767 5659 2065
768 5665 2297
769 5665 4102
770 5670 5236
771 5682 2280
772 5687 5515
773 5697 1624
774 5697 6327
775 5713 6658
776 5719 1282
777 5719 3308
778 5722 6805
779 5736 4332
780 5741 1003
781 5743 2649
782 5744 1434
783 5748 3016
784 5756 80
785 5760 4307
786 5779 5598
787 5779 6727
788 5783 5826
789 5793 3199
790 5799 3139
791 5810 1847
792 5811 453
793 5814 6256
794 5820 3355
795 5824 3004
796 5830 4875
797 5836 1004
798 5842 2654
799 5843 504
800 5854 6042
801 5866 6134
802 5867 2809
803 5867 7507
804 5877 7613
805 5882 5951
806 5892 1833
807 5897 6683
808 5898 2677
809 5901 719
810 5901 5101
811 5910 6320
812 5916 1075
813 5917 5490
814 5919 625
815 5927 4868
816 5932 7296
817 5956 2921
818 5960 6267
819 5961 4457
820 5968 4636
821 5968 5607
822 5969 3221
823 5970 76
824 5972 5091
825 5972 6319
826 5977 3344
827 5991 1957
828 5991 6651
829 6000 2119
830 6048 4701
831 6057 3377
832 6068 3633
833 6073 3398
834 6081 776
835 6087 6566
836 6093 4044
837 6106 7304
838 6107 5555
839 6111 3990
840 6120 7274
841 6122 7370
842 6124 4004
843 6136 6262
844 6140 3503
845 6148 5356
846 6155 6679
847 6164 1572
848 6172 5601
849 6173 4441
850 6175 1821
851 6192 6078
852 6195 1018
853 6196 6488
854 6197 4329
855 6204 4972
856 6212 4150
857 6214 6495
858 6216 4425
859 6224 1671
860 6225 5078
861 6231 243
862 6232 7347
863 6262 4797
864 6289 7820
865 6291 6368
866 6296 6785
867 6301 2682
868 6303 3444
869 6330 996
870 6335 6175
871 6339 7318
872 6341 2425
873 6342 7135
874 6343 746
875 6358 2466
876 6363 2576
877 6366 425
878 6388 673
879 6403 2960
880 6404 6006
881 6419 1223
882 6435 2564
883 6445 3696
884 6447 6377
885 6453 421
886 6482 1011
887 6485 3696
888 6495 1876
889 6505 1628
890 6505 4399
891 6510 7683
892 6516 7210
893 6525 1656
894 6532 5772
895 6538 7031
896 6554 7780
897 6556 921
898 6558 5463
899 6568 6824
900 6574 5407
901 6584 4722
902 6587 2101
903 6607 82
904 6608 4952
905 6627 2171
906 6654 5519
907 6654 7037
908 6658 6587
909 6663 909
910 6667 4067
911 6669 5219
912 6671 3477
913 6674 3981
914 6677 7466
915 6684 1819
916 6687 1217
917 6698 2274
918 6701 6875
919 6720 6585
920 6721 7204
921 6724 4321
922 6724 4650
923 6732 6625
924 6737 1089
925 6742 2130
926 6755 3229
927 6756 823
928 6759 5670
929 6771 1379
930 6771 3153
931 6772 7202
932 6774 3621
933 6788 4581
934 6790 6437
935 6792 5767
936 6795 5727
937 6806 655
938 6811 1828
939 6817 7627
940 6819 2156
941 6822 202
942 6824 1201
943 6824 5653
944 6845 991
945 6845 5847
946 6848 4371
947 6862 3735
948 6863 7001
949 6872 5721
950 6880 1776
951 6882 4096
952 6901 291
953 6906 3363
954 6916 1542
955 6930 6700
956 6958 4018
957 6959 886
958 6965 995
959 6971 2025
960 6975 1353
961 6978 5338
962 6983 6748
963 6990 1745
964 6991 5265
965 6992 4186
966 7004 6839
967 7047 432
968 7084 3895
969 7104 6231
970 7108 7160
971 7110 6292
972 7111 2991
973 7126 5926
974 7127 6862
975 7138 4730
976 7151 1762
977 7151 2967
978 7160 6172
979 7165 5862
980 7170 5933
981 7176 707
982 7182 5658
983 7207 5464
984 7225 3396
985 7225 5362
986 7227 100
987 7229 918
988 7229 6924
989 7242 719
990 7242 2309
991 7280 2694
992 7303 3709
993 7340 5021
994 7342 641
995 7342 7766
996 7345 3232
997 7354 1503
998 7360 7662
999 7384 1949
1000 7387 5224
1001 7387 5359
1002 7398 783
1003 7402 2230
1004 7411 1720
1005 7419 6581
1006 7421 7624
1007 7424 2629
1008 7438 6655
1009 7443 7178
1010 7451 4580
1011 7456 7457
1012 7457 1754
1013 7457 4132
1014 7465 2446
1015 7467 7625
1016 7469 1207
1017 7470 4146
1018 7505 3872
1019 7511 5517
1020 7525 7132
1021 7532 5127
1022 7540 698
1023 7542 7329
1024 7546 3514
1025 7549 4951
1026 7560 6640
1027 7567 4711
1028 7577 3424
1029 7580 4554
1030 7581 5266
1031 7581 6925
1032 7583 1709
1033 7587 3053
1034 7588 6711
1035 7604 4436
1036 7617 6707
1037 7628 2146
1038 7661 3718
1039 7667 1296
1040 7670 4091
1041 7673 7319
1042 7674 5938
1043 7675 944
1044 7678 7327
1045 7685 6821
1046 7689 4920
1047 7695 4082
1048 7700 958
1049 7702 3558
1050 7703 6295
1051 7705 2200
1052 7710 6860
1053 7717 4413
1054 7731 7635
1055 7735 4398
1056 7766 4155
1057 7766 4604
1058 7767 6574
1059 7768 715
1060 7772 500
1061 7785 4469
1062 7787 2059
1063 7795 5372
1064 7797 7153
1065 7803 7740
1066 7810 2795
1067 7826 1840