2 4316 34809
1 8 30266
2 11 9914
3 17 24051
4 17 31670
5 21 16164
6 28 27602
7 31 8491
8 36 32820
9 42 517
10 43 1448
11 71 19943
12 73 24141
13 77 24003
14 88 19311
15 93 10845
16 99 504
17 105 29315
18 116 3230
19 117 15909
20 135 3248
21 136 18156
22 141 1856
23 149 11873
24 160 22448
25 164 7788
26 179 2644
27 208 11423
28 211 11316
29 221 26056
30 221 30070
31 228 24071
32 231 23381
33 232 14752
34 233 13899
35 265 23565
36 269 9323
37 282 24706
38 291 31177
39 292 33007
40 304 26214
41 311 16707
42 354 22937
43 449 32564
44 453 26513
45 467 19074
46 469 26838
47 472 19569
48 475 19388
49 476 15170
50 488 15228
51 495 21560
52 504 6209
53 505 31892
54 512 9616
55 515 809
56 526 3694
57 544 12383
58 553 13984
59 553 21744
60 554 1159
61 559 14523
62 560 19256
63 567 6425
64 567 18257
65 586 27952
66 587 12887
67 588 28442
68 589 11136
69 596 31285
70 597 20186
71 600 22369
72 602 25484
73 604 19868
74 605 31663
75 612 26638
76 619 1380
77 619 6532
78 620 10355
79 623 20242
80 658 21574
81 658 33502
82 659 22014
83 681 19755
84 683 18879
85 685 17106
86 685 23796
87 689 7677
88 690 6176
89 697 204
90 704 8398
91 732 34043
92 737 30406
93 746 32508
94 764 33415
95 788 23179
96 796 33531
97 804 12267
98 811 20801
99 825 9208
100 825 34390
101 829 32643
102 840 12280
103 855 8736
104 861 13420
105 863 27818
106 865 18883
107 874 18612
108 882 6287
109 888 33168
110 903 18992
111 918 215
112 921 7455
113 923 15064
114 931 20610
115 937 21254
116 946 12504
117 949 773
118 951 19647
119 966 28361
120 967 32704
121 977 7126
122 978 2391
123 1016 21069
124 1034 32597
125 1037 8978
126 1043 16059
127 1054 4325
128 1064 2050
129 1076 10875
130 1078 7732
131 1079 25724
132 1084 21735
133 1094 11938
134 1095 26949
135 1101 1602
136 1101 15544
137 1102 17651
138 1106 29075
139 1112 14637
140 1117 20174
141 1146 4977
142 1153 18900
143 1161 19197
144 1185 11865
145 1186 3626
146 1202 21824
147 1212 28300
148 1232 8327
149 1232 31284
150 1236 2898
151 1238 4955
152 1251 1813
153 1253 29146
154 1262 16822
155 1266 25228
156 1267 23241
157 1274 18666
158 1289 9141
159 1289 14783
160 1299 19868
161 1303 26681
162 1316 713
163 1335 33654
164 1347 25760
165 1356 11118
166 1360 11400
167 1371 17908
168 1376 24279
169 1393 22109
170 1400 23581
171 1406 7594
172 1412 18665
173 1416 18052
174 1416 22180
175 1435 26862
176 1438 33444
177 1452 7941
178 1466 23903
179 1466 26489
180 1479 17402
181 1481 25230
182 1488 10765
183 1496 7866
184 1498 7327
185 1498 33692
186 1500 7210
187 1501 14950
188 1501 23354
189 1517 20027
190 1528 21877
191 1545 33265
192 1550 9945
193 1555 18868
194 1565 3391
195 1576 13239
196 1582 12517
197 1583 9558
198 1594 28978
199 1598 2102
200 1601 4229
201 1603 4832
202 1631 18510
203 1639 2675
204 1643 16698
205 1644 30862
206 1654 20732
207 1657 9481
208 1667 15607
209 1672 14310
210 1685 32244
211 1693 26150
212 1705 33534
213 1722 25853
214 1724 20920
215 1726 2089
216 1738 6995
217 1751 11967
218 1753 10269
219 1756 15396
220 1758 25204
221 1762 1772
222 1787 14223
223 1790 22055
224 1792 29947
225 1800 29403
226 1815 8005
227 1824 33454
228 1829 30282
229 1831 23465
230 1833 991
231 1840 18728
232 1844 27896
233 1871 9639
234 1874 34087
235 1905 1218
236 1929 12531
237 1933 32442
238 1936 32515
239 1944 4748
240 1948 7244
241 1984 18534
242 1985 11575
243 1986 20080
244 2015 8052
245 2019 8285
246 2020 18858
247 2025 23464
248 2029 25129
249 2038 7957
250 2040 24393
251 2055 10646
252 2060 20347
253 2067 34622
254 2079 10106
255 2079 21631
256 2086 31300
257 2094 9806
258 2105 26987
259 2108 20676
260 2113 2617
261 2118 12403
262 2118 19008
263 2146 6036
264 2151 19825
265 2160 26528
266 2169 22239
267 2176 23025
268 2179 2885
269 2179 9344
270 2182 27891
271 2183 1246
272 2209 32368
273 2214 8530
274 2217 17055
275 2234 3556
276 2235 5158
277 2284 12027
278 2295 29350
279 2297 9651
280 2299 3667
281 2307 126
282 2316 24737
283 2319 10715
284 2335 10367
285 2361 7420
286 2376 13417
287 2387 6783
288 2398 10722
289 2398 28248
290 2403 9049
291 2404 20694
292 2406 28302
293 2414 13113
294 2414 23338
295 2414 28929
296 2415 27013
297 2418 29253
298 2435 31639
299 2458 1447
300 2469 15881
301 2478 29648
302 2479 9865
303 2479 19961
304 2482 10890
305 2482 29433
306 2499 6597
307 2505 5403
308 2536 16488
309 2546 19053
310 2566 33644
311 2570 19130
312 2588 22891
313 2590 22339
314 2605 12948
315 2613 9103
316 2622 18001
317 2631 16458
318 2647 3802
319 2650 18378
320 2651 16936
321 2657 19052
322 2659 1161
323 2663 18349
324 2676 7278
325 2677 13651
326 2681 12202
327 2684 28480
328 2687 4641
329 2687 32890
330 2688 33673
331 2692 558
332 2702 19638
333 2723 30460
334 2729 4440
335 2731 8463
336 2731 21736
337 2750 1802
338 2755 513
339 2760 15996
340 2785 27322
341 2791 12955
342 2794 11291
343 2794 24555
344 2808 33934
345 2814 7670
346 2818 14924
347 2826 34315
348 2842 10844
349 2847 7257
350 2860 6627
351 2882 14463
352 2890 14405
353 2901 12006
354 2902 6174
355 2915 29714
356 2919 25602
357 2925 27490
358 2939 9628
359 2940 26433
360 2942 27929
361 2948 33344
362 2956 16297
363 2959 13192
364 2976 22329
365 2981 26342
366 2986 26359
367 2998 22435
368 3019 34739
369 3034 11848
370 3037 25114
371 3044 27122
372 3055 3972
373 3059 1587
374 3086 10606
375 3089 19102
376 3092 11067
377 3101 22653
378 3120 434
379 3127 20516
380 3148 14046
381 3156 25291
382 3181 1156
383 3183 26951
384 3193 6925
385 3198 18490
386 3210 5356
387 3211 27684
388 3219 26434
389 3221 2313
390 3229 12774
391 3230 18405
392 3232 13450
393 3235 22187
394 3243 24860
395 3256 4893
396 3262 20291
397 3265 2534
398 3276 18292
399 3289 29877
400 3300 12792
401 3302 20438
402 3311 3476
403 3322 4236
404 3332 9807
405 3334 23156
406 3338 23288
407 3341 26580
408 3341 33064
409 3347 26323
410 3356 11086
411 3365 13495
412 3377 24820
413 3380 25484
414 3388 13930
415 3389 28487
416 3394 26022
417 3395 7479
418 3395 30855
419 3396 6406
420 3399 17846
421 3407 34468
422 3416 3157
423 3425 29318
424 3428 17046
425 3428 20161
426 3433 18783
427 3441 330
428 3444 28252
429 3449 2129
430 3466 19749
431 3470 825
432 3484 25544
433 3487 19284
434 3490 3325
435 3490 21198
436 3508 12502
437 3510 17883
438 3515 804
439 3520 24910
440 3522 7281
441 3524 33277
442 3525 5771
443 3532 1843
444 3537 4743
445 3538 11204
446 3543 7074
447 3556 29716
448 3574 2659
449 3583 11242
450 3586 18627
451 3587 10240
452 3588 17985
453 3594 8536
454 3594 26817
455 3633 18654
456 3636 27296
457 3640 15728
458 3656 14972
459 3666 30681
460 3675 15649
461 3682 6058
462 3684 16837
463 3686 34391
464 3700 30673
465 3701 24067
466 3703 31284
467 3705 24866
468 3705 27416
469 3711 30823
470 3712 12837
471 3712 14836
472 3718 18823
473 3734 34120
474 3737 788
475 3747 23296
476 3758 12446
477 3758 30021
478 3764 14590
479 3782 29137
480 3795 31429
481 3806 26886
482 3809 20769
483 3818 31700
484 3820 10495
485 3822 21517
486 3829 32033
487 3837 13354
488 3841 12285
489 3843 318
490 3847 27442
491 3852 31603
492 3853 21836
493 3861 19014
494 3868 29260
495 3875 33361
496 3900 23605
497 3911 6460
498 3922 20918
499 3926 34600
500 3928 18771
501 3940 719
502 3947 24232
503 3952 10130
504 3957 18704
505 3963 22549
506 3978 17036
507 3978 25370
508 3979 26517
509 3988 756
510 3994 26340
511 3995 17235
512 3997 29924
513 4005 6674
514 4008 15744
515 4012 12154
516 4020 5
517 4025 8605
518 4025 16802
519 4041 902
520 4043 16540
521 4044 8750
522 4047 17540
523 4053 8152
524 4066 14492
525 4081 13235
526 4087 26719
527 4090 8080
528 4091 13155
529 4092 23071
530 4102 4503
531 4127 32307
532 4131 21003
533 4137 18504
534 4148 28828
535 4154 19533
536 4167 11641
537 4192 21045
538 4213 491
539 4228 34051
540 4236 17329
541 4240 2914
542 4241 1070
543 4243 17700
544 4243 20566
545 4247 21037
546 4253 24584
547 4256 5167
548 4259 10530
549 4264 2151
550 4276 19149
551 4291 12975
552 4311 5964
553 4315 18934
554 4325 6548
555 4339 13162
556 4339 29500
557 4343 214
558 4344 29409
559 4375 6691
560 4383 14398
561 4388 8937
562 4394 19185
563 4395 19006
564 4400 12393
565 4400 12651
566 4415 14948
567 4420 24110
568 4423 21785
569 4430 32810
570 4436 8704
571 4437 5524
572 4437 32894
573 4457 21851
574 4462 34278
575 4477 21931
576 4483 10224
577 4489 34631
578 4490 24512
579 4500 5956
580 4503 12537
581 4505 21643
582 4515 21521
583 4520 3506
584 4522 31704
585 4523 15242
586 4526 33369
587 4532 23747
588 4537 29766
589 4538 21142
590 4550 5910
591 4558 10218
592 4564 33775
593 4587 32071
594 4597 8429
595 4609 8638
596 4617 13997
597 4637 11667
598 4658 7420
599 4664 24267
600 4668 24854
601 4681 19160
602 4686 13550
603 4718 4398
604 4718 14158
605 4733 16519
606 4752 20054
607 4777 13919
608 4797 9472
609 4799 23544
610 4810 29096
611 4825 1123
612 4851 25727
613 4876 2628
614 4876 10428
615 4887 14504
616 4887 15421
617 4900 32634
618 4917 9933
619 4923 24820
620 4926 15900
621 4928 22854
622 4929 26850
623 4948 22318
624 4953 2559
625 4966 17278
626 4968 9951
627 4978 10392
628 4981 33948
629 4987 28269
630 4989 4956
631 5002 17952
632 5010 18730
633 5014 20936
634 5028 30796
635 5032 25572
636 5034 32476
637 5042 13675
638 5053 14675
639 5070 9619
640 5078 7647
641 5082 23239
642 5091 17278
643 5091 30209
644 5093 8762
645 5095 26831
646 5100 20143
647 5108 3858
648 5110 22287
649 5112 21688
650 5121 8409
651 5135 2780
652 5142 17198
653 5158 32925
654 5163 13579
655 5167 12024
656 5168 6164
657 5182 17789
658 5185 89
659 5190 12758
660 5198 30144
661 5216 7451
662 5217 28899
663 5232 10393
664 5233 22152
665 5248 12530
666 5266 5017
667 5269 18504
668 5290 33385
669 5304 7061
670 5304 8372
671 5307 17158
672 5308 30945
673 5315 17575
674 5319 18113
675 5320 11902
676 5323 22627
677 5327 12686
678 5341 29965
679 5351 5306
680 5372 25319
681 5375 11375
682 5382 5868
683 5385 19806
684 5392 29758
685 5400 20212
686 5416 32948
687 5450 20366
688 5451 10507
689 5453 28223
690 5457 6833
691 5461 16540
692 5466 423
693 5468 20542
694 5477 10852
695 5481 25383
696 5488 1213
697 5493 5470
698 5495 20652
699 5503 16167
700 5505 5919
701 5511 27039
702 5520 4854
703 5521 25314
704 5537 5935
705 5538 25012
706 5550 13979
707 5553 29939
708 5555 2848
709 5556 17745
710 5577 454
711 5585 18572
712 5609 13195
713 5615 10277
714 5621 14038
715 5644 16141
716 5666 1385
717 5677 2597
718 5680 10986
719 5686 17494
720 5697 27264
721 5711 1630
722 5714 2672
723 5720 5016
724 5733 33232
725 5735 14551
726 5747 22528
727 5757 27401
728 5763 17361
729 5770 8923
730 5771 5156
731 5772 7755
732 5782 34183
733 5784 34718
734 5789 10495
735 5800 3818
736 5802 5756
737 5805 11355
738 5807 26762
739 5814 27979
740 5815 14421
741 5817 13716
742 5853 6878
743 5880 12043
744 5882 18745
745 5884 8494
746 5896 15647
747 5906 15675
748 5906 33864
749 5913 24042
750 5920 3179
751 5926 32819
752 5943 7662
753 5958 14513
754 5958 28710
755 5961 32550
756 5962 17129
757 5968 8300
758 5972 7632
759 5975 13320
760 5989 13849
761 5992 15605
762 5993 25781
763 6019 30295
764 6036 4122
765 6046 8692
766 6049 5660
767 6052 21079
768 6057 30435
769 6066 25514
770 6068 26879
771 6070 13838
772 6073 21794
773 6082 34797
774 6095 11237
775 6096 5436
776 6106 20383
777 6113 31342
778 6144 19850
779 6163 7739
780 6172 19303
781 6192 3052
782 6195 29109
783 6203 15883
784 6207 25279
785 6221 5686
786 6241 29271
787 6241 33830
788 6261 27945
789 6265 12641
790 6280 10814
791 6300 24285
792 6310 33813
793 6314 19639
794 6323 11384
795 6323 26711
796 6342 28511
797 6368 16344
798 6373 33483
799 6375 32784
800 6380 24831
801 6385 27215
802 6392 7015
803 6392 10915
804 6397 22228
805 6413 1292
806 6413 8127
807 6413 34370
808 6442 21935
809 6444 14258
810 6446 14746
811 6450 20759
812 6455 4788
813 6460 6661
814 6468 6986
815 6475 2126
816 6479 28367
817 6484 846
818 6493 27334
819 6507 3987
820 6508 32720
821 6510 17207
822 6518 33550
823 6532 5888
824 6535 14357
825 6540 24138
826 6563 16772
827 6566 12935
828 6566 19603
829 6572 33786
830 6584 6544
831 6587 6794
832 6598 7573
833 6599 2627
834 6614 10009
835 6632 23104
836 6636 28872
837 6642 21319
838 6652 4498
839 6657 19879
840 6661 11289
841 6664 694
842 6673 11830
843 6703 1786
844 6703 10855
845 6714 12388
846 6714 13119
847 6715 18804
848 6738 13876
849 6743 30707
850 6783 2298
851 6799 7932
852 6805 8583
853 6828 9851
854 6828 23072
855 6829 31602
856 6835 23314
857 6842 7726
858 6844 3976
859 6844 11729
860 6845 28762
861 6850 19670
862 6872 27576
863 6881 21606
864 6908 32807
865 6914 18920
866 6933 28370
867 6939 13019
868 6942 6276
869 6947 30794
870 6950 27853
871 6954 19748
872 6965 22403
873 6971 12525
874 6979 2376
875 6989 27958
876 6998 1316
877 7021 8169
878 7023 11181
879 7024 4611
880 7027 10091
881 7033 34411
882 7040 6421
883 7074 9937
884 7078 1681
885 7080 1292
886 7081 11776
887 7082 18355
888 7090 30041
889 7097 15381
890 7112 28976
891 7117 18081
892 7137 8964
893 7139 2474
894 7139 3768
895 7149 34243
896 7156 25267
897 7162 33046
898 7164 26512
899 7166 1161
900 7168 15855
901 7173 4111
902 7175 5747
903 7183 32607
904 7189 5226
905 7194 6913
906 7195 21812
907 7203 14620
908 7206 2754
909 7213 22271
910 7226 3773
911 7236 9733
912 7246 5824
913 7253 28394
914 7283 6425
915 7294 7633
916 7298 18748
917 7303 23707
918 7310 5317
919 7314 33619
920 7340 26405
921 7344 12537
922 7358 1839
923 7381 21360
924 7411 1044
925 7417 23070
926 7424 6666
927 7424 7795
928 7436 24062
929 7439 14466
930 7458 14603
931 7464 13026
932 7478 16397
933 7494 32954
934 7508 33721
935 7539 21218
936 7546 30263
937 7549 19757
938 7553 34235
939 7558 2638
940 7560 30899
941 7566 11252
942 7577 11952
943 7578 14898
944 7617 17984
945 7630 23472
946 7639 31759
947 7658 2900
948 7658 6880
949 7659 23481
950 7664 13527
951 7664 31896
952 7668 20122
953 7677 34509
954 7679 1212
955 7681 26331
956 7690 13251
957 7696 2333
958 7720 596
959 7723 10363
960 7727 4073
961 7735 28528
962 7740 27802
963 7741 12577
964 7742 11610
965 7751 24650
966 7753 6697
967 7774 2745
968 7780 23221
969 7787 9010
970 7787 18308
971 7789 8545
972 7790 33300
973 7793 11803
974 7794 21789
975 7796 30205
976 7811 17736
977 7812 3380
978 7817 32525
979 7831 3278
980 7832 3218
981 7835 7880
982 7843 24457
983 7844 15174
984 7866 421
985 7868 3070
986 7871 25761
987 7914 674
988 7920 14035
989 7925 17624
990 7926 24248
991 7932 21508
992 7935 22492
993 7937 2783
994 7938 1058
995 7949 1752
996 7953 3845
997 7956 13949
998 7962 32653
999 7974 6002
1000 7974 28190
1001 7981 11382
1002 7993 22020
1003 8000 16597
1004 8001 990
1005 8022 30131
1006 8030 3378
1007 8039 31250
1008 8076 1780
1009 8080 159
1010 8083 858
1011 8083 9173
1012 8096 10254
1013 8104 25571
1014 8110 24496
1015 8113 6235
1016 8117 16967
1017 8118 25782
1018 8119 11464
1019 8119 17541
1020 8130 14778
1021 8133 3336
1022 8143 4255
1023 8148 32599
1024 8150 13049
1025 8156 31598
1026 8165 1978
1027 8169 6619
1028 8170 16957
1029 8180 15459
1030 8186 32790
1031 8189 19361
1032 8194 18181
1033 8203 11469
1034 8205 20651
1035 8211 33149
1036 8212 17342
1037 8216 18866
1038 8234 26027
1039 8237 17649
1040 8238 33421
1041 8243 5785
1042 8249 34171
1043 8279 29923
1044 8290 20727
1045 8302 17495
1046 8309 2319
1047 8311 471
1048 8324 21210
1049 8346 33714
1050 8352 12354
1051 8373 19709
1052 8376 15990
1053 8386 503
1054 8418 26486
1055 8420 7444
1056 8448 30843
1057 8451 23191
1058 8463 11621
1059 8473 27179
1060 8478 2367
1061 8505 21990
1062 8506 7368
1063 8548 34425
1064 8551 7764
1065 8551 11812
1066 8558 26447
1067 8558 34675
1068 8562 24910
1069 8569 1068
1070 8579 9352
1071 8584 32240
1072 8585 19731
1073 8602 23547
1074 8643 10358
1075 8672 13247
1076 8674 24253
1077 8687 22856
1078 8705 20648
1079 8705 33399
1080 8714 2625
1081 8715 25342
1082 8717 29109
1083 8729 5617
1084 8739 6397
1085 8755 30564
1086 8759 16815
1087 8768 25594
1088 8801 10333
1089 8805 10907
1090 8814 11343
1091 8817 25773
1092 8835 13499
1093 8836 20945
1094 8841 19597
1095 8849 9094
1096 8851 11781
1097 8865 2481
1098 8868 499
1099 8876 2761
1100 8878 2481
1101 8878 13794
1102 8881 4573
1103 8891 1783
1104 8892 13020
1105 8893 26715
1106 8894 17053
1107 8905 118
1108 8912 13154
1109 8920 15828
1110 8925 30897
1111 8939 4802
1112 8964 14192
1113 8970 17269
1114 8972 4082
1115 8973 5025
1116 8997 18101
1117 8997 18627
1118 9017 20195
1119 9030 32073
1120 9038 3506
1121 9041 4153
1122 9056 18300
1123 9057 21797
1124 9069 32715
1125 9078 16236
1126 9112 5236
1127 9113 27179
1128 9117 31217
1129 9137 24852
1130 9141 31683
1131 9153 25218
1132 9155 14309
1133 9157 646
1134 9158 18678
1135 9162 14984
1136 9162 31621
1137 9183 28334
1138 9194 33813
1139 9199 8719
1140 9210 25696
1141 9214 22
1142 9231 32641
1143 9232 30951
1144 9235 14911
1145 9243 205
1146 9248 11632
1147 9249 9210
1148 9258 16814
1149 9267 4552
1150 9271 24026
1151 9274 16195
1152 9277 32347
1153 9288 12497
1154 9294 28530
1155 9304 34693
1156 9321 26498
1157 9329 18788
1158 9329 30368
1159 9332 12182
1160 9333 24157
1161 9346 9617
1162 9347 3823
1163 9351 7144
1164 9354 23092
1165 9359 5856
1166 9360 29955
1167 9361 28194
1168 9372 9050
1169 9372 21007
1170 9377 10084
1171 9384 30986
1172 9386 10144
1173 9396 26674
1174 9432 18629
1175 9436 16838
1176 9452 16118
1177 9453 22494
1178 9454 16359
1179 9469 33471
1180 9479 8861
1181 9483 24989
1182 9484 12632
1183 9486 18027
1184 9490 12118
1185 9498 4144
1186 9500 11854
1187 9511 22788
1188 9519 7811
1189 9521 27914
1190 9529 27215
1191 9529 32900
1192 9534 5901
1193 9542 23883
1194 9550 13466
1195 9563 30032
1196 9564 11472
1197 9568 8771
1198 9568 16705
1199 9573 23841
1200 9581 15766
1201 9583 23576
1202 9596 5747
1203 9601 1901
1204 9606 18896
1205 9612 7278
1206 9615 26440
1207 9628 24288
1208 9631 17850
1209 9661 18558
1210 9672 4291
1211 9675 3402
1212 9678 27412
1213 9683 2042
1214 9689 84
1215 9697 14419
1216 9708 13294
1217 9727 17639
1218 9729 2462
1219 9731 14280
1220 9740 20682
1221 9744 27353
1222 9748 7878
1223 9784 34686
1224 9785 15363
1225 9787 48
1226 9810 1519
1227 9813 20964
1228 9816 12520
1229 9820 8396
1230 9837 30408
1231 9846 9850
1232 9851 12089
1233 9851 25063
1234 9852 9102
1235 9854 8408
1236 9861 34315
1237 9869 19589
1238 9882 1872
1239 9882 23434
1240 9888 14610
1241 9888 30476
1242 9898 28982
1243 9904 4956
1244 9906 5696
1245 9948 8063
1246 9965 16000
1247 9972 33661
1248 9979 33806
1249 9982 10513
1250 10009 6566
1251 10013 12982
1252 10039 1181
1253 10039 6480
1254 10047 17092
1255 10059 33059
1256 10068 24503
1257 10070 30672
1258 10080 12085
1259 10080 33627
1260 10088 9016
1261 10089 21494
1262 10109 12813
1263 10120 3118
1264 10126 4547
1265 10136 32620
1266 10152 3812
1267 10155 4892
1268 10173 6926
1269 10185 18722
1270 10187 4856
1271 10189 6189
1272 10204 25361
1273 10217 10789
1274 10219 2700
1275 10226 25343
1276 10242 8045
1277 10257 3120
1278 10258 23503
1279 10271 16416
1280 10271 28298
1281 10276 18772
1282 10279 15684
1283 10279 20397
1284 10286 24284
1285 10287 26364
1286 10288 14802
1287 10294 17285
1288 10315 4510
1289 10320 902
1290 10328 31077
1291 10337 16167
1292 10359 27300
1293 10373 8658
1294 10375 32793
1295 10388 33316
1296 10403 1296
1297 10408 33416
1298 10413 29181
1299 10420 32003
1300 10423 2241
1301 10428 31174
1302 10430 9198
1303 10437 28730
1304 10464 1416
1305 10469 22673
1306 10470 11114
1307 10471 24503
1308 10473 33781
1309 10479 22613
1310 10506 30702
1311 10520 18791
1312 10541 33976
1313 10544 29931
1314 10548 25647
1315 10554 18663
1316 10572 31159
1317 10575 30525
1318 10576 583
1319 10587 18199
1320 10599 12201
1321 10599 12714
1322 10600 19266
1323 10609 19883
1324 10620 13917
1325 10622 30698
1326 10632 12755
1327 10633 10346
1328 10633 23984
1329 10635 21422
1330 10640 18446
1331 10646 2209
1332 10654 29427
1333 10660 21811
1334 10679 15517
1335 10691 8982
1336 10692 19786
1337 10694 11743
1338 10697 3504
1339 10706 32638
1340 10708 3615
1341 10724 19590
1342 10736 17765
1343 10738 16542
1344 10742 7283
1345 10776 16550
1346 10785 21284
1347 10800 34215
1348 10802 27582
1349 10817 15544
1350 10824 25621
1351 10827 28014
1352 10828 25776
1353 10833 15960
1354 10840 22376
1355 10854 2993
1356 10856 10082
1357 10860 31129
1358 10862 28214
1359 10864 30007
1360 10868 3149
1361 10876 18203
1362 10888 7746
1363 10892 13451
1364 10896 15506
1365 10898 34721
1366 10903 2663
1367 10908 34442
1368 10931 17221
1369 10932 27533
1370 10934 16627
1371 10946 33364
1372 10951 16715
1373 10952 22116
1374 10965 30010
1375 10966 10164
1376 10985 27058
1377 10992 23605
1378 10996 1022
1379 11001 18727
1380 11011 31873
1381 11014 18106
1382 11021 3431
1383 11034 6544
1384 11040 27349
1385 11052 22246
1386 11070 25465
1387 11081 31948
1388 11082 28929
1389 11083 21136
1390 11084 12622
1391 11086 9069
1392 11093 11682
1393 11102 13131
1394 11106 3197
1395 11111 9110
1396 11131 32638
1397 11133 14870
1398 11157 11727
1399 11172 8992
1400 11184 25413
1401 11190 1875
1402 11195 30652
1403 11220 24147
1404 11223 27565
1405 11257 2644
1406 11287 3805
1407 11292 654
1408 11292 3823
1409 11299 16001
1410 11309 33933
1411 11311 28340
1412 11318 11118
1413 11326 31458
1414 11329 16281
1415 11331 12855
1416 11332 25732
1417 11334 7876
1418 11373 10147
1419 11376 6726
1420 11393 15333
1421 11393 22169
1422 11403 6447
1423 11405 2609
1424 11406 28372
1425 11426 20333
1426 11428 22093
1427 11438 2446
1428 11453 26966
1429 11474 5271
1430 11476 16677
1431 11480 32053
1432 11485 9466
1433 11496 23208
1434 11500 8631
1435 11508 30448
1436 11510 12395
1437 11513 19593
1438 11515 31630
1439 11522 1504
1440 11538 31800
1441 11538 33861
1442 11543 26698
1443 11547 32758
1444 11570 17820
1445 11570 20838
1446 11572 12141
1447 11573 22842
1448 11582 283
1449 11598 26645
1450 11605 22183
1451 11607 4222
1452 11620 22407
1453 11632 7819
1454 11635 16152
1455 11650 4816
1456 11657 27291
1457 11661 7234
1458 11662 10167
1459 11666 805
1460 11671 21477
1461 11689 7484
1462 11702 17909
1463 11708 31632
1464 11712 8808
1465 11714 5785
1466 11719 32386
1467 11723 7952
1468 11734 19154
1469 11741 24760
1470 11753 31276
1471 11754 7654
1472 11768 316
1473 11776 15853
1474 11789 5986
1475 11789 14511
1476 11795 20167
1477 11802 3226
1478 11807 1630
1479 11811 29654
1480 11816 28432
1481 11833 8607
1482 11841 19123
1483 11864 16245
1484 11869 25245
1485 11871 12736
1486 11885 33214
1487 11897 3578
1488 11898 11419
1489 11924 8532
1490 11926 29234
1491 11935 25653
1492 11940 33304
1493 11944 15411
1494 11954 20312
1495 11958 8228
1496 11962 3287
1497 11980 10298
1498 12001 4214
1499 12016 9868
1500 12016 22558
1501 12019 20303
1502 12024 34074
1503 12027 23974
1504 12034 22147
1505 12036 4321
1506 12065 26425
1507 12067 6745
1508 12067 17569
1509 12071 28194
1510 12071 31162
1511 12077 4225
1512 12087 2451
1513 12088 34104
1514 12091 17479
1515 12103 29649
1516 12107 12946
1517 12113 7802
1518 12121 4676
1519 12122 1838
1520 12131 2497
1521 12140 2665
1522 12168 25649
1523 12170 11337
1524 12170 13216
1525 12171 13044
1526 12173 29972
1527 12173 33982
1528 12192 279
1529 12200 14989
1530 12202 10591
1531 12207 6644
1532 12214 8063
1533 12223 32293
1534 12248 5825
1535 12252 14771
1536 12264 16543
1537 12282 9533
1538 12283 10878
1539 12283 15099
1540 12294 104
1541 12299 25208
1542 12306 18989
1543 12323 33591
1544 12339 13878
1545 12342 1046
1546 12353 34161
1547 12360 8260
1548 12362 17729
1549 12366 33206
1550 12369 4521
1551 12374 25819
1552 12385 7727
1553 12391 34404
1554 12394 12027
1555 12394 28039
1556 12399 26780
1557 12409 22309
1558 12413 22377
1559 12417 2576
1560 12419 27654
1561 12432 14934
1562 12454 998
1563 12464 6701
1564 12475 14709
1565 12482 8549
1566 12483 3690
1567 12503 5618
1568 12509 16334
1569 12525 22914
1570 12534 7516
1571 12534 30113
1572 12551 14613
1573 12559 12148
1574 12561 28180
1575 12570 29832
1576 12580 12103
1577 12581 30006
1578 12583 10391
1579 12589 10109
1580 12599 1443
1581 12609 19371
1582 12611 21550
1583 12619 1114
1584 12621 24033
1585 12626 22773
1586 12629 19965
1587 12655 23106
1588 12679 3931
1589 12682 17952
1590 12686 17070
1591 12687 17356
1592 12688 13928
1593 12736 17075
1594 12741 32415
1595 12745 22429
1596 12747 8024
1597 12759 24967
1598 12765 866
1599 12765 12675
1600 12777 15589
1601 12789 2723
1602 12795 22531
1603 12813 24564
1604 12814 30700
1605 12815 26177
1606 12815 29254
1607 12821 20211
1608 12828 29084
1609 12839 14970
1610 12854 2826
1611 12856 1165
1612 12865 22511
1613 12887 17311
1614 12908 19180
1615 12908 31204
1616 12916 22536
1617 12924 34563
1618 12934 30182
1619 12935 5306
1620 12935 14210
1621 12935 27805
1622 12947 32307
1623 12951 29942
1624 12972 31256
1625 12983 16162
1626 12998 11170
1627 13003 18851
1628 13009 4872
1629 13022 1866
1630 13033 7993
1631 13037 24746
1632 13048 8652
1633 13064 18296
1634 13087 24860
1635 13087 27316
1636 13117 34078
1637 13120 12590
1638 13124 3497
1639 13127 31809
1640 13145 3454
1641 13153 11049
1642 13161 13274
1643 13170 20883
1644 13191 10842
1645 13206 25076
1646 13221 10835
1647 13226 18520
1648 13228 18115
1649 13233 19093
1650 13251 29398
1651 13252 780
1652 13253 30396
1653 13254 15354
1654 13264 19259
1655 13298 23825
1656 13307 20136
1657 13314 5372
1658 13314 6233
1659 13318 15756
1660 13340 15106
1661 13343 2480
1662 13344 19541
1663 13350 4561
1664 13351 23582
1665 13360 33451
1666 13371 7589
1667 13371 21719
1668 13377 29964
1669 13389 26162
1670 13392 31126
1671 13396 2261
1672 13410 22152
1673 13446 3836
1674 13450 11848
1675 13460 23372
1676 13462 539
1677 13462 5500
1678 13473 24056
1679 13480 398
1680 13483 1576
1681 13485 27223
1682 13487 7141
1683 13490 20574
1684 13492 6703
1685 13492 10562
1686 13501 23344
1687 13514 7410
1688 13525 7379
1689 13528 22683
1690 13547 6314
1691 13553 4457
1692 13559 24946
1693 13563 1773
1694 13564 23586
1695 13566 6382
1696 13583 33536
1697 13592 31805
1698 13600 13254
1699 13623 29546
1700 13627 28269
1701 13630 27715
1702 13633 20948
1703 13650 27979
1704 13663 21798
1705 13666 6488
1706 13685 105
1707 13687 9195
1708 13689 12297
1709 13690 30551
1710 13693 27215
1711 13710 1623
1712 13736 26605
1713 13739 4828
1714 13749 18383
1715 13752 32851
1716 13754 1498
1717 13766 6082
1718 13767 37
1719 13777 3810
1720 13780 208
1721 13782 16046
1722 13785 25742
1723 13802 26202
1724 13809 954
1725 13814 28388
1726 13815 24160
1727 13824 2774
1728 13824 16451
1729 13825 5500
1730 13826 2063
1731 13826 29410
1732 13863 23835
1733 13874 30556
1734 13877 33749
1735 13878 15626
1736 13882 9979
1737 13886 25772
1738 13887 17638
1739 13896 18461
1740 13897 28079
1741 13908 17024
1742 13912 3362
1743 13932 23651
1744 13943 25545
1745 13946 11702
1746 13946 26663
1747 13947 8775
1748 13948 21624
1749 13951 7575
1750 13960 16986
1751 13966 9046
1752 13966 21743
1753 13974 23731
1754 13976 33756
1755 13977 27165
1756 13980 11724
1757 13991 26680
1758 14008 23427
1759 14008 25895
1760 14013 23978
1761 14020 22296
1762 14031 22452
1763 14048 34167
1764 14084 19017
1765 14085 13157
1766 14094 34511
1767 14100 28895
1768 14113 17225
1769 14148 6959
1770 14148 26500
1771 14151 31187
1772 14157 24455
1773 14165 33793
1774 14179 22428
1775 14192 20490
1776 14195 34137
1777 14213 15579
1778 14232 23684
1779 14234 4585
1780 14254 8349
1781 14256 19297
1782 14275 9003
1783 14287 18399
1784 14295 9622
1785 14295 24580
1786 14296 498
1787 14301 10501
1788 14327 12146
1789 14327 23902
1790 14333 10148
1791 14343 1869
1792 14354 13265
1793 14371 6314
1794 14372 10965
1795 14376 9530
1796 14391 8537
1797 14391 21482
1798 14399 19449
1799 14401 16536
1800 14403 32296
1801 14405 15608
1802 14411 1143
1803 14411 8743
1804 14414 24366
1805 14420 9044
1806 14422 17799
1807 14430 6114
1808 14432 25689
1809 14435 10143
1810 14443 11550
1811 14453 6991
1812 14456 33566
1813 14458 4973
1814 14458 32571
1815 14467 11491
1816 14480 25162
1817 14490 5275
1818 14493 2185
1819 14507 28168
1820 14509 1876
1821 14509 13910
1822 14509 30093
1823 14516 20482
1824 14528 8857
1825 14538 34186
1826 14546 3917
1827 14550 29529
1828 14553 2230
1829 14555 22952
1830 14564 19654
1831 14573 11278
1832 14581 22126
1833 14586 9163
1834 14587 34097
1835 14590 27726
1836 14619 25211
1837 14621 8291
1838 14624 2402
1839 14625 16415
1840 14628 24846
1841 14632 11358
1842 14638 22397
1843 14649 5443
1844 14651 25405
1845 14666 5979
1846 14669 10090
1847 14679 34479
1848 14688 2523
1849 14690 15806
1850 14693 31950
1851 14704 7451
1852 14704 9107
1853 14713 28528
1854 14715 25312
1855 14716 30761
1856 14717 29574
1857 14718 1501
1858 14720 5697
1859 14720 16463
1860 14731 26862
1861 14737 3101
1862 14746 3680
1863 14752 855
1864 14757 32688
1865 14768 30704
1866 14773 32554
1867 14779 286
1868 14780 7962
1869 14790 6996
1870 14815 3127
1871 14841 25752
1872 14844 2757
1873 14847 22236
1874 14855 20339
1875 14855 20851
1876 14872 7643
1877 14873 28018
1878 14888 4081
1879 14898 30332
1880 14903 25664
1881 14908 17231
1882 14914 11229
1883 14918 10530
1884 14937 23980
1885 14951 26991
1886 14962 25251
1887 14975 28439
1888 14996 29262
1889 15000 26882
1890 15005 13814
1891 15007 2386
1892 15014 15424
1893 15028 22026
1894 15029 29439
1895 15034 20552
1896 15036 13762
1897 15036 27791
1898 15057 27988
1899 15057 29802
1900 15074 4141
1901 15081 11561
1902 15081 26464
1903 15089 4419
1904 15094 5462
1905 15096 25067
1906 15105 5001
1907 15108 31959
1908 15121 29235
1909 15141 8695
1910 15144 26638
1911 15156 17388
1912 15161 18783
1913 15163 30042
1914 15176 15971
1915 15186 9924
1916 15195 18350
1917 15202 12221
1918 15204 21423
1919 15205 27260
1920 15220 16987
1921 15223 24663
1922 15233 31925
1923 15237 25381
1924 15241 34376
1925 15244 29794
1926 15245 25739
1927 15254 34116
1928 15270 33112
1929 15283 17477
1930 15285 7369
1931 15289 28949
1932 15311 13056
1933 15325 13441
1934 15325 21609
1935 15329 16623
1936 15349 25581
1937 15361 4592
1938 15373 12011
1939 15378 6211
1940 15378 17307
1941 15379 389
1942 15390 10121
1943 15397 31343
1944 15404 12120
1945 15405 34215
1946 15408 13779
1947 15420 27592
1948 15425 2229
1949 15426 26239
1950 15427 18243
1951 15430 31743
1952 15443 8003
1953 15445 21095
1954 15459 33534
1955 15465 6671
1956 15476 29201
1957 15485 19974
1958 15499 18564
1959 15516 649
1960 15522 17070
1961 15522 23323
1962 15528 20723
1963 15528 28645
1964 15529 11071
1965 15535 9543
1966 15546 8079
1967 15549 29648
1968 15560 24061
1969 15563 16603
1970 15573 32793
1971 15596 29235
1972 15597 32678
1973 15608 8286
1974 15610 466
1975 15635 12652
1976 15636 6512
1977 15643 26646
1978 15645 30777
1979 15652 22472
1980 15665 9399
1981 15668 5520
1982 15673 25815
1983 15684 1298
1984 15690 2346
1985 15691 6441
1986 15696 10819
1987 15705 6306
1988 15710 27749
1989 15730 17828
1990 15735 29928
1991 15739 17333
1992 15743 12146
1993 15743 14192
1994 15744 22984
1995 15753 4112
1996 15756 26059
1997 15762 24509
1998 15762 30283
1999 15766 3773
2000 15772 17512
2001 15776 9972
2002 15782 3220
2003 15785 2621
2004 15792 28587
2005 15798 14902
2006 15811 778
2007 15811 25813
2008 15812 9058
2009 15816 19801
2010 15817 23227
2011 15829 7376
2012 15840 5851
2013 15842 24018
2014 15886 28983
2015 15888 32205
2016 15890 19919
2017 15899 10120
2018 15906 29104
2019 15907 2741
2020 15910 6849
2021 15914 18356
2022 15915 17491
2023 15941 21952
2024 15945 31995
2025 15948 14138
2026 15952 5285
2027 15972 28917
2028 15974 24072
2029 15976 6406
2030 15977 18025
2031 15983 33607
2032 15992 5482
2033 15999 27191
2034 16002 23289
2035 16007 6358
2036 16016 13695
2037 16017 16818
2038 16031 24057
2039 16040 12666
2040 16045 30769
2041 16049 10131
2042 16055 32743
2043 16059 30038
2044 16066 12044
2045 16073 6726
2046 16075 6319
2047 16077 5252
2048 16083 34097
2049 16086 13429
2050 16089 20191
2051 16090 10629
2052 16092 2568
2053 16093 7873
2054 16098 25441
2055 16112 6490
2056 16113 28352
2057 16119 15890
2058 16123 32353
2059 16132 16994
2060 16139 12551
2061 16141 26372
2062 16152 32503
2063 16170 14251
2064 16173 20906
2065 16180 22301
2066 16207 16343
2067 16210 15704
2068 16213 16184
2069 16213 19562
2070 16219 4353
2071 16223 13757
2072 16236 27280
2073 16238 34399
2074 16240 34003
2075 16247 10750
2076 16250 29359
2077 16255 3694
2078 16257 16024
2079 16260 15890
2080 16269 23933
2081 16277 31445
2082 16289 9443
2083 16294 20483
2084 16296 28077
2085 16297 24048
2086 16299 8620
2087 16299 23355
2088 16304 9129
2089 16309 1552
2090 16352 7945
2091 16354 18931
2092 16377 28577
2093 16398 7661
2094 16413 415
2095 16424 28558
2096 16436 15152
2097 16442 4573
2098 16443 2315
2099 16477 27631
2100 16484 27262
2101 16486 31756
2102 16490 25402
2103 16501 6431
2104 16522 30322
2105 16537 1281
2106 16540 14804
2107 16540 29915
2108 16540 30949
2109 16548 20470
2110 16556 31824
2111 16566 3344
2112 16576 10455
2113 16585 11316
2114 16588 6008
2115 16617 9432
2116 16617 11880
2117 16626 34170
2118 16627 7031
2119 16628 27744
2120 16632 32451
2121 16633 1838
2122 16647 13994
2123 16677 2971
2124 16680 20175
2125 16683 21947
2126 16698 22690
2127 16716 23577
2128 16730 15723
2129 16733 18750
2130 16734 23996
2131 16746 20117
2132 16751 6167
2133 16753 28518
2134 16759 12456
2135 16760 32202
2136 16769 22319
2137 16777 4439
2138 16806 11878
2139 16822 28843
2140 16824 20457
2141 16831 11515
2142 16847 21987
2143 16870 11038
2144 16874 33688
2145 16887 12805
2146 16888 25817
2147 16889 19772
2148 16900 341
2149 16905 6382
2150 16906 10982
2151 16922 12940
2152 16957 20857
2153 16962 9582
2154 16967 7371
2155 16997 20151
2156 17003 16721
2157 17005 12664
2158 17009 7918
2159 17010 27493
2160 17021 10762
2161 17028 32132
2162 17035 33768
2163 17041 20806
2164 17043 3013
2165 17050 32914
2166 17087 6144
2167 17097 4887
2168 17113 21388
2169 17115 641
2170 17118 34173
2171 17124 8212
2172 17124 12477
2173 17131 5673
2174 17132 18171
2175 17137 23024
2176 17169 25871
2177 17171 6469
2178 17179 12620
2179 17186 12080
2180 17197 24161
2181 17199 9612
2182 17206 12599
2183 17207 29656
2184 17219 518
2185 17221 22571
2186 17224 26227
2187 17241 12966
2188 17266 11495
2189 17300 13169
2190 17305 23689
2191 17315 15007
2192 17315 27276
2193 17322 21069
2194 17327 9842
2195 17341 10338
2196 17344 34
2197 17348 20877
2198 17357 10203
2199 17358 3251
2200 17359 17286
2201 17373 17200
2202 17384 182
2203 17386 3713
2204 17388 7694
2205 17398 21289
2206 17402 14726
2207 17430 23256
2208 17438 30493
2209 17443 6473
2210 17448 29568
2211 17454 10610
2212 17459 497
2213 17478 14640
2214 17584 16224
2215 17588 9765
2216 17588 24818
2217 17589 14232
2218 17592 11365
2219 17593 38
2220 17595 24471
2221 17611 7367
2222 17632 21734
2223 17638 20780
2224 17641 23533
2225 17645 23497
2226 17658 14203
2227 17664 20503
2228 17667 33813
2229 17686 10324
2230 17693 23332
2231 17693 34766
2232 17694 8163
2233 17702 27680
2234 17713 7709
2235 17713 33854
2236 17722 22286
2237 17729 2243
2238 17738 13120
2239 17738 17942
2240 17742 6574
2241 17745 16265
2242 17752 24583
2243 17755 8643
2244 17773 15061
2245 17784 5507
2246 17798 17891
2247 17815 16093
2248 17818 16068
2249 17825 23191
2250 17835 34166
2251 17839 11997
2252 17843 26031
2253 17864 3116
2254 17870 28982
2255 17879 7501
2256 17881 27257
2257 17908 34580
2258 17914 15643
2259 17920 7846
2260 17925 3029
2261 17928 33914
2262 17933 13529
2263 17937 32931
2264 17937 33504
2265 17938 10724
2266 17939 25924
2267 17945 31283
2268 17950 1930
2269 17960 17488
2270 17970 16071
2271 17987 2192
2272 17987 13199
2273 18006 5938
2274 18009 28528
2275 18010 29159
2276 18012 24742
2277 18020 3757
2278 18024 33267
2279 18032 30309
2280 18037 29013
2281 18043 17245
2282 18065 8929
2283 18066 17965
2284 18067 33572
2285 18068 13706
2286 18068 14446
2287 18076 6527
2288 18098 13813
2289 18104 12459
2290 18108 30347
2291 18123 16583
2292 18151 5938
2293 18155 5588
2294 18169 5764
2295 18185 12777
2296 18186 2333
2297 18191 28783
2298 18192 22743
2299 18199 5740
2300 18200 10853
2301 18205 28507
2302 18208 32355
2303 18210 12991
2304 18220 9586
2305 18236 4340
2306 18286 25167
2307 18290 26645
2308 18295 23343
2309 18308 2800
2310 18311 3349
2311 18314 25843
2312 18316 2025
2313 18335 6752
2314 18336 1541
2315 18342 14194
2316 18344 20067
2317 18354 34184
2318 18363 30676
2319 18371 576
2320 18378 1072
2321 18384 21675
2322 18386 2961
2323 18390 17781
2324 18408 10202
2325 18427 25841
2326 18434 22450
2327 18476 1998
2328 18477 5898
2329 18477 11534
2330 18481 9789
2331 18484 8632
2332 18501 3804
2333 18505 18706
2334 18524 6379
2335 18526 29667
2336 18535 11698
2337 18541 6684
2338 18545 27564
2339 18546 4657
2340 18552 17578
2341 18554 24151
2342 18555 11810
2343 18556 21947
2344 18556 27945
2345 18560 9054
2346 18561 554
2347 18565 11636
2348 18576 18518
2349 18593 17184
2350 18596 28712
2351 18600 14207
2352 18611 32788
2353 18624 14980
2354 18625 24288
2355 18626 10497
2356 18627 4965
2357 18637 28079
2358 18638 13664
2359 18649 6822
2360 18651 2336
2361 18656 14576
2362 18659 6248
2363 18665 19687
2364 18672 11777
2365 18676 2777
2366 18683 22874
2367 18702 15326
2368 18703 9038
2369 18703 22251
2370 18703 33358
2371 18711 2632
2372 18716 14269
2373 18717 8615
2374 18723 6906
2375 18727 20892
2376 18733 24050
2377 18734 33261
2378 18737 34080
2379 18746 31065
2380 18754 30090
2381 18756 4142
2382 18762 26618
2383 18778 24643
2384 18786 10976
2385 18798 31187
2386 18801 1587
2387 18805 8561
2388 18828 28917
2389 18831 12848
2390 18841 23574
2391 18871 19880
2392 18872 26463
2393 18899 4933
2394 18901 10700
2395 18909 9709
2396 18911 8093
2397 18913 2597
2398 18917 12971
2399 18918 7363
2400 18920 16415
2401 18926 9899
2402 18931 31943
2403 18947 18652
2404 18956 17477
2405 18973 18853
2406 18975 20470
2407 18977 13510
2408 18987 13207
2409 19013 2543
2410 19019 6024
2411 19029 5856
2412 19034 1649
2413 19035 22894
2414 19036 19690
2415 19039 24049
2416 19045 6546
2417 19060 23913
2418 19068 12068
2419 19091 16412
2420 19091 24780
2421 19091 27326
2422 19119 11051
2423 19124 22492
2424 19136 23195
2425 19148 2965
2426 19155 10455
2427 19160 27267
2428 19165 34709
2429 19171 6006
2430 19174 16166
2431 19206 5817
2432 19218 25432
2433 19222 3416
2434 19223 25490
2435 19240 20598
2436 19255 4781
2437 19264 1216
2438 19277 16396
2439 19279 27811
2440 19280 1416
2441 19286 18806
2442 19288 6687
2443 19288 25093
2444 19289 12895
2445 19311 18166
2446 19327 18117
2447 19331 18052
2448 19333 3833
2449 19350 24107
2450 19359 10304
2451 19376 19702
2452 19377 19424
2453 19377 32922
2454 19381 17880
2455 19384 32161
2456 19391 32439
2457 19417 1396
2458 19421 18151
2459 19437 31756
2460 19450 28541
2461 19460 15488
2462 19462 4790
2463 19471 10674
2464 19474 4110
2465 19478 29452
2466 19497 24994
2467 19502 18152
2468 19509 32503
2469 19511 28948
2470 19525 5737
2471 19539 15309
2472 19544 3120
2473 19544 4622
2474 19549 18705
2475 19557 9008
2476 19583 10708
2477 19610 30661
2478 19615 8512
2479 19633 5524
2480 19637 164
2481 19638 4281
2482 19638 25672
2483 19650 30652
2484 19658 26685
2485 19661 21071
2486 19663 18421
2487 19681 34687
2488 19703 31599
2489 19716 8675
2490 19719 11453
2491 19720 10606
2492 19720 25913
2493 19738 29395
2494 19739 20964
2495 19743 9958
2496 19768 28344
2497 19769 129
2498 19772 14381
2499 19789 22070
2500 19803 3429
2501 19805 33298
2502 19806 27659
2503 19810 14069
2504 19812 33184
2505 19825 27248
2506 19841 26887
2507 19847 33828
2508 19866 14263
2509 19894 7079
2510 19906 12431
2511 19924 18262
2512 19961 4538
2513 19966 12950
2514 19973 599
2515 19973 1933
2516 19978 6034
2517 19995 6987
2518 20003 31440
2519 20016 19750
2520 20017 26762
2521 20028 6465
2522 20039 15499
2523 20042 1826
2524 20042 13688
2525 20046 15154
2526 20049 23754
2527 20063 12308
2528 20065 22473
2529 20074 3215
2530 20080 15378
2531 20087 12180
2532 20089 17491
2533 20104 13803
2534 20115 12292
2535 20127 19592
2536 20133 24453
2537 20136 1349
2538 20144 14373
2539 20148 19503
2540 20153 7794
2541 20162 1689
2542 20162 11667
2543 20180 5616
2544 20186 14920
2545 20199 10177
2546 20221 17659
2547 20236 17254
2548 20240 21999
2549 20244 12413
2550 20264 19688
2551 20266 16591
2552 20271 8818
2553 20277 4198
2554 20280 8278
2555 20281 11271
2556 20283 18950
2557 20290 12127
2558 20290 32175
2559 20299 20830
2560 20305 7655
2561 20320 30445
2562 20332 11121
2563 20341 15855
2564 20343 33506
2565 20348 20650
2566 20366 31933
2567 20369 32971
2568 20377 9656
2569 20378 13079
2570 20404 22299
2571 20422 63
2572 20425 20052
2573 20428 12879
2574 20445 19604
2575 20449 5603
2576 20455 29683
2577 20464 29345
2578 20494 19931
2579 20508 29837
2580 20512 4051
2581 20515 33275
2582 20516 20930
2583 20519 8105
2584 20523 2713
2585 20527 20053
2586 20528 5099
2587 20532 15322
2588 20536 5991
2589 20536 23945
2590 20548 20416
2591 20551 31171
2592 20564 7672
2593 20566 4189
2594 20574 17165
2595 20595 5901
2596 20601 10094
2597 20609 4984
2598 20609 18893
2599 20616 22235
2600 20627 24301
2601 20645 14382
2602 20647 24369
2603 20656 24903
2604 20659 21088
2605 20662 5551
2606 20664 26409
2607 20677 13390
2608 20677 22357
2609 20705 31560
2610 20707 23132
2611 20710 17748
2612 20711 30924
2613 20712 30089
2614 20714 10509
2615 20730 14732
2616 20749 8401
2617 20749 33092
2618 20757 19138
2619 20758 23071
2620 20762 6974
2621 20762 27302
2622 20763 27316
2623 20766 8863
2624 20767 532
2625 20785 5546
2626 20818 15695
2627 20820 2486
2628 20824 33795
2629 20840 2559
2630 20841 2462
2631 20873 21848
2632 20889 11647
2633 20895 3576
2634 20916 31331
2635 20926 25845
2636 20930 15101
2637 20934 1123
2638 20949 4425
2639 20958 13377
2640 20959 10472
2641 20966 11496
2642 20968 16779
2643 20974 26283
2644 20974 33934
2645 20976 8593
2646 21005 14410
2647 21005 31611
2648 21008 18271
2649 21013 11009
2650 21019 2119
2651 21020 13301
2652 21031 3377
2653 21033 11310
2654 21050 20651
2655 21055 30066
2656 21067 5464
2657 21070 16546
2658 21074 20288
2659 21085 4058
2660 21086 5613
2661 21089 7142
2662 21112 17810
2663 21130 12265
2664 21134 11808
2665 21150 9622
2666 21154 29581
2667 21161 17510
2668 21161 21963
2669 21165 29764
2670 21170 15908
2671 21182 9184
2672 21194 32840
2673 21202 31125
2674 21203 30392
2675 21204 1880
2676 21205 22716
2677 21215 20537
2678 21226 15407
2679 21292 13962
2680 21296 14046
2681 21297 431
2682 21313 34445
2683 21323 20615
2684 21325 7729
2685 21326 24921
2686 21327 33424
2687 21330 924
2688 21334 6974
2689 21337 26427
2690 21344 30280
2691 21351 9124
2692 21351 29110
2693 21356 9374
2694 21357 27716
2695 21367 26952
2696 21372 1852
2697 21380 18547
2698 21381 25720
2699 21383 24987
2700 21383 33180
2701 21386 3417
2702 21396 4429
2703 21408 14847
2704 21412 10494
2705 21438 33064
2706 21451 16775
2707 21470 8398
2708 21480 21
2709 21483 21246
2710 21488 26108
2711 21491 10820
2712 21501 20716
2713 21507 13799
2714 21508 362
2715 21510 20714
2716 21524 21278
2717 21525 9932
2718 21531 23713
2719 21534 20019
2720 21538 11909
2721 21554 28646
2722 21558 19073
2723 21566 29004
2724 21568 7997
2725 21572 18116
2726 21583 27623
2727 21594 1617
2728 21607 5593
2729 21608 8415
2730 21610 17780
2731 21619 8925
2732 21623 17466
2733 21625 22399
2734 21635 26884
2735 21636 15728
2736 21646 22399
2737 21653 10266
2738 21664 20713
2739 21675 20260
2740 21681 32810
2741 21687 24574
2742 21696 16608
2743 21723 34025
2744 21726 9275
2745 21728 18795
2746 21729 25966
2747 21737 29835
2748 21742 25072
2749 21746 7152
2750 21750 28425
2751 21784 16226
2752 21789 12746
2753 21796 4089
2754 21797 14667
2755 21826 3861
2756 21829 34170
2757 21837 7894
2758 21837 9331
2759 21844 5884
2760 21849 16822
2761 21862 23972
2762 21867 3601
2763 21867 22974
2764 21873 25488
2765 21894 30222
2766 21897 10644
2767 21903 20186
2768 21904 23826
2769 21916 13933
2770 21937 15678
2771 21970 31198
2772 21988 2542
2773 21992 2674
2774 21999 10866
2775 22001 34534
2776 22004 32299
2777 22017 14328
2778 22017 20164
2779 22017 26913
2780 22028 4331
2781 22028 27250
2782 22032 5265
2783 22038 25656
2784 22045 6590
2785 22046 24787
2786 22048 4810
2787 22069 9330
2788 22070 14387
2789 22075 11595
2790 22077 3415
2791 22097 29695
2792 22103 2294
2793 22112 32971
2794 22118 5125
2795 22118 33570
2796 22121 34376
2797 22125 21483
2798 22125 27926
2799 22127 16900
2800 22129 12399
2801 22139 3819
2802 22151 33460
2803 22171 28862
2804 22193 29820
2805 22197 2603
2806 22223 3717
2807 22224 33534
2808 22225 18833
2809 22230 16827
2810 22237 34572
2811 22238 31688
2812 22260 14433
2813 22266 9412
2814 22282 7845
2815 22282 27925
2816 22288 29003
2817 22296 31268
2818 22321 6115
2819 22324 9513
2820 22340 32294
2821 22341 10279
2822 22343 20339
2823 22348 32099
2824 22353 10597
2825 22358 23300
2826 22385 31183
2827 22392 33485
2828 22399 19229
2829 22405 32534
2830 22426 755
2831 22440 19559
2832 22443 12536
2833 22452 31912
2834 22457 34254
2835 22460 31812
2836 22478 29978
2837 22485 7963
2838 22505 2433
2839 22508 27553
2840 22516 33136
2841 22526 23022
2842 22545 30905
2843 22548 6888
2844 22572 30195
2845 22580 31168
2846 22583 15333
2847 22586 4447
2848 22599 2710
2849 22603 26263
2850 22618 14618
2851 22622 23604
2852 22625 23546
2853 22633 17090
2854 22635 32835
2855 22636 29065
2856 22640 4785
2857 22640 25101
2858 22644 8529
2859 22648 19692
2860 22657 18272
2861 22671 18350
2862 22676 31684
2863 22690 1549
2864 22690 17010
2865 22699 12483
2866 22704 29115
2867 22718 16774
2868 22731 23080
2869 22735 29616
2870 22736 8037
2871 22737 807
2872 22743 22462
2873 22747 6879
2874 22749 22254
2875 22751 30254
2876 22755 7752
2877 22758 25990
2878 22773 31404
2879 22781 17697
2880 22809 32171
2881 22811 27990
2882 22827 1577
2883 22827 14039
2884 22833 20232
2885 22841 15057
2886 22843 11335
2887 22844 7780
2888 22846 20993
2889 22848 10810
2890 22874 21771
2891 22875 27031
2892 22887 22461
2893 22889 10226
2894 22895 1235
2895 22906 31796
2896 22927 4345
2897 22928 32478
2898 22929 14316
2899 22941 34522
2900 22943 31295
2901 22945 24807
2902 22955 22818
2903 22985 10911
2904 22992 12592
2905 22992 29435
2906 22994 4810
2907 22998 30452
2908 23002 13113
2909 23004 8899
2910 23041 15811
2911 23052 2630
2912 23055 34276
2913 23057 33057
2914 23058 8635
2915 23064 14422
2916 23067 11368
2917 23069 23760
2918 23077 4732
2919 23079 16185
2920 23083 4158
2921 23094 15384
2922 23095 12704
2923 23104 31660
2924 23113 9178
2925 23115 961
2926 23119 13435
2927 23121 5545
2928 23123 15526
2929 23128 31572
2930 23131 10983
2931 23138 4726
2932 23142 26272
2933 23151 1153
2934 23158 34150
2935 23165 22054
2936 23174 33646
2937 23190 25946
2938 23197 25896
2939 23210 34385
2940 23214 17180
2941 23229 11638
2942 23232 10785
2943 23243 15049
2944 23250 3318
2945 23257 5503
2946 23257 16717
2947 23257 28418
2948 23260 29834
2949 23267 10861
2950 23279 25455
2951 23300 32705
2952 23307 24256
2953 23312 27863
2954 23316 31928
2955 23322 13340
2956 23326 7639
2957 23328 31592
2958 23330 26616
2959 23349 8808
2960 23357 20888
2961 23372 13724
2962 23378 19373
2963 23378 28011
2964 23379 5142
2965 23384 28682
2966 23408 21566
2967 23429 26854
2968 23431 25760
2969 23442 27214
2970 23447 2225
2971 23481 31798
2972 23496 11345
2973 23520 7334
2974 23520 15790
2975 23520 20576
2976 23535 16539
2977 23537 2422
2978 23552 23109
2979 23556 17541
2980 23565 17174
2981 23567 4653
2982 23578 3150
2983 23585 7754
2984 23612 21011
2985 23620 20966
2986 23622 29693
2987 23624 23758
2988 23639 21022
2989 23644 741
2990 23653 7426
2991 23659 33950
2992 23671 24768
2993 23701 17105
2994 23711 17766
2995 23713 23341
2996 23719 14751
2997 23719 32211
2998 23730 18523
2999 23740 16366
3000 23745 25678
3001 23753 31991
3002 23757 9072
3003 23796 3886
3004 23804 6635
3005 23804 10455
3006 23813 2708
3007 23820 17594
3008 23822 7489
3009 23826 18483
3010 23846 11505
3011 23849 6500
3012 23858 306
3013 23875 23504
3014 23902 3794
3015 23906 27996
3016 23916 32389
3017 23920 22320
3018 23925 5103
3019 23925 29437
3020 23928 33007
3021 23933 11473
3022 23938 22028
3023 23939 2326
3024 23942 18137
3025 23958 24683
3026 23992 23406
3027 23996 18555
3028 24000 18991
3029 24004 8656
3030 24024 14841
3031 24036 21763
3032 24064 22173
3033 24064 24795
3034 24082 31560
3035 24098 14556
3036 24108 7630
3037 24111 250
3038 24130 24868
3039 24131 26051
3040 24136 21631
3041 24140 30080
3042 24141 21570
3043 24144 27153
3044 24202 12869
3045 24213 3651
3046 24213 19624
3047 24221 9796
3048 24224 13736
3049 24227 8810
3050 24244 12813
3051 24261 4271
3052 24274 7730
3053 24277 11380
3054 24284 15129
3055 24288 8227
3056 24293 13662
3057 24305 1322
3058 24312 13361
3059 24318 9163
3060 24320 7936
3061 24323 1646
3062 24330 24071
3063 24341 10970
3064 24350 16523
3065 24358 1406
3066 24364 15309
3067 24365 27044
3068 24380 29924
3069 24400 6491
3070 24434 16260
3071 24450 11074
3072 24451 18243
3073 24478 23456
3074 24487 26710
3075 24502 27858
3076 24507 30873
3077 24514 8182
3078 24520 32861
3079 24529 7785
3080 24535 9225
3081 24550 15990
3082 24552 2770
3083 24560 7831
3084 24561 8788
3085 24562 8061
3086 24565 29607
3087 24570 16098
3088 24582 18940
3089 24590 23489
3090 24592 14912
3091 24592 28214
3092 24623 17992
3093 24644 24884
3094 24647 9053
3095 24666 7170
3096 24671 11827
3097 24677 29446
3098 24677 33366
3099 24678 2988
3100 24683 24868
3101 24683 32643
3102 24691 16604
3103 24732 26652
3104 24737 27596
3105 24747 25576
3106 24765 9490
3107 24770 26960
3108 24775 4142
3109 24780 7405
3110 24786 5260
3111 24786 23508
3112 24800 28624
3113 24816 9699
3114 24817 17811
3115 24835 7246
3116 24836 11706
3117 24843 30176
3118 24850 7982
3119 24859 29041
3120 24862 4116
3121 24875 15098
3122 24900 15357
3123 24902 21456
3124 24903 2972
3125 24928 24193
3126 24931 14345
3127 24932 21044
3128 24942 17044
3129 24944 8155
3130 24948 7367
3131 24957 23669
3132 24959 6361
3133 24964 31176
3134 24966 3344
3135 24983 26748
3136 24995 23961
3137 25003 32869
3138 25004 20907
3139 25030 20952
3140 25040 17062
3141 25040 18271
3142 25050 26713
3143 25066 9178
3144 25074 24047
3145 25084 18354
3146 25093 31784
3147 25094 32759
3148 25095 4127
3149 25096 6077
3150 25096 28336
3151 25098 9267
3152 25106 31583
3153 25112 15173
3154 25136 28152
3155 25138 16320
3156 25140 13109
3157 25172 28405
3158 25179 23903
3159 25181 18896
3160 25192 3336
3161 25224 15595
3162 25247 17168
3163 25256 21804
3164 25259 8290
3165 25263 26024
3166 25269 27825
3167 25287 20848
3168 25288 9469
3169 25303 8294
3170 25309 21702
3171 25318 8098
3172 25323 3935
3173 25338 16662
3174 25339 29221
3175 25355 10761
3176 25380 12297
3177 25388 17827
3178 25413 13317
3179 25420 27305
3180 25424 2148
3181 25427 29589
3182 25431 16183
3183 25441 17791
3184 25456 31420
3185 25460 28151
3186 25470 27083
3187 25473 7597
3188 25491 27580
3189 25492 13873
3190 25503 30230
3191 25512 6057
3192 25518 26994
3193 25537 6927
3194 25538 18278
3195 25543 33138
3196 25566 14942
3197 25579 8385
3198 25584 5493
3199 25589 9414
3200 25609 19540
3201 25613 11988
3202 25652 19458
3203 25663 13581
3204 25666 15253
3205 25667 29964
3206 25676 15389
3207 25688 3272
3208 25715 9324
3209 25715 21984
3210 25718 8274
3211 25731 13300
3212 25737 27052
3213 25743 16423
3214 25743 30163
3215 25751 12086
3216 25752 32938
3217 25773 31806
3218 25782 13378
3219 25782 32485
3220 25815 5888
3221 25824 24452
3222 25847 8112
3223 25848 22992
3224 25849 11674
3225 25855 14702
3226 25872 4344
3227 25874 28287
3228 25879 2191
3229 25887 18525
3230 25906 10022
3231 25907 4150
3232 25918 8773
3233 25918 34109
3234 25964 4838
3235 25971 4477
3236 25981 14295
3237 25981 30701
3238 25982 11544
3239 25993 21761
3240 25994 24069
3241 25997 18587
3242 25997 28941
3243 26011 27778
3244 26018 11819
3245 26018 30184
3246 26032 7046
3247 26035 7597
3248 26057 22958
3249 26061 9042
3250 26063 10892
3251 26064 3452
3252 26077 9594
3253 26093 17829
3254 26104 20467
3255 26105 12539
3256 26105 23491
3257 26113 15778
3258 26121 34167
3259 26149 30673
3260 26166 21849
3261 26175 16515
3262 26175 22241
3263 26178 3736
3264 26190 13252
3265 26203 8904
3266 26209 24058
3267 26211 9216
3268 26219 15687
3269 26230 11966
3270 26231 6356
3271 26257 4653
3272 26281 34451
3273 26282 22544
3274 26283 17887
3275 26285 11079
3276 26287 18912
3277 26292 1722
3278 26292 22568
3279 26315 13642
3280 26321 14297
3281 26326 26610
3282 26328 7045
3283 26330 26794
3284 26337 30413
3285 26356 7648
3286 26360 8015
3287 26364 23356
3288 26392 20061
3289 26409 10072
3290 26426 29042
3291 26428 13362
3292 26431 2126
3293 26433 27028
3294 26442 21494
3295 26448 29245
3296 26453 23504
3297 26453 29161
3298 26456 3370
3299 26458 5943
3300 26462 21232
3301 26472 6481
3302 26479 16781
3303 26494 21804
3304 26507 18579
3305 26530 12590
3306 26550 24863
3307 26593 8849
3308 26594 3176
3309 26601 18957
3310 26615 19514
3311 26624 16643
3312 26636 18855
3313 26637 2598
3314 26637 22454
3315 26661 9027
3316 26666 11062
3317 26671 7408
3318 26673 24333
3319 26674 19182
3320 26692 6522
3321 26693 27756
3322 26699 12956
3323 26709 5617
3324 26725 32968
3325 26741 7677
3326 26745 13545
3327 26757 611
3328 26759 3997
3329 26784 19840
3330 26822 26071
3331 26825 24462
3332 26837 22978
3333 26838 25585
3334 26838 31721
3335 26843 9953
3336 26844 12024
3337 26844 27257
3338 26849 14422
3339 26849 28217
3340 26858 16223
3341 26866 15984
3342 26867 11929
3343 26888 13882
3344 26893 26313
3345 26898 9236
3346 26901 9135
3347 26907 18609
3348 26908 16850
3349 26922 2308
3350 26922 21270
3351 26922 28286
3352 26926 4528
3353 26930 18527
3354 26930 19442
3355 26946 19072
3356 26951 31189
3357 26966 16537
3358 26982 9952
3359 26982 11851
3360 27009 15403
3361 27015 30264
3362 27021 22106
3363 27036 8498
3364 27036 13831
3365 27037 20355
3366 27038 23250
3367 27046 14451
3368 27046 18132
3369 27054 17417
3370 27073 4943
3371 27076 21352
3372 27080 22307
3373 27086 33675
3374 27088 15776
3375 27093 8841
3376 27116 19217
3377 27120 16513
3378 27132 5510
3379 27145 4422
3380 27151 25762
3381 27153 28713
3382 27154 12808
3383 27196 30430
3384 27207 11276
3385 27229 22695
3386 27230 19024
3387 27236 10654
3388 27237 7420
3389 27237 29185
3390 27265 32394
3391 27267 31766
3392 27273 31917
3393 27274 18626
3394 27276 1011
3395 27276 6855
3396 27286 6452
3397 27286 12976
3398 27286 25168
3399 27289 10711
3400 27315 2450
3401 27319 10287
3402 27327 9693
3403 27341 30123
3404 27347 3351
3405 27363 16597
3406 27370 24035
3407 27393 26580
3408 27419 15231
3409 27433 29620
3410 27435 27806
3411 27437 4368
3412 27447 15769
3413 27456 30798
3414 27481 955
3415 27481 17264
3416 27486 27111
3417 27496 26996
3418 27499 19181
3419 27500 24212
3420 27502 14525
3421 27505 26059
3422 27520 31890
3423 27534 33251
3424 27538 16776
3425 27539 1998
3426 27545 6747
3427 27546 10207
3428 27548 16879
3429 27556 12818
3430 27569 21902
3431 27570 21281
3432 27573 172
3433 27575 1685
3434 27580 17311
3435 27584 5747
3436 27585 8367
3437 27587 12940
3438 27589 14996
3439 27596 8653
3440 27600 14031
3441 27602 26128
3442 27620 13571
3443 27623 16396
3444 27633 20176
3445 27656 30251
3446 27657 20522
3447 27657 29477
3448 27670 18715
3449 27696 12394
3450 27702 18395
3451 27704 14662
3452 27708 2691
3453 27722 25340
3454 27724 16937
3455 27733 23620
3456 27734 6722
3457 27734 33190
3458 27740 12465
3459 27745 10491
3460 27748 33616
3461 27765 2961
3462 27772 24665
3463 27774 2949
3464 27780 34235
3465 27784 858
3466 27790 33028
3467 27791 7377
3468 27797 26812
3469 27800 19788
3470 27803 22282
3471 27815 10276
3472 27819 21115
3473 27819 30251
3474 27822 17962
3475 27833 20230
3476 27839 26450
3477 27846 28343
3478 27872 21313
3479 27883 14849
3480 27889 2087
3481 27901 20673
3482 27908 9975
3483 27909 22918
3484 27919 8336
3485 27924 9446
3486 27938 640
3487 27950 24221
3488 27958 28398
3489 27967 30116
3490 27994 4851
3491 28011 14813
3492 28037 3222
3493 28056 6922
3494 28063 24546
3495 28083 8018
3496 28086 19134
3497 28105 8217
3498 28122 19945
3499 28126 27905
3500 28130 17753
3501 28132 9920
3502 28144 10345
3503 28144 20217
3504 28145 33425
3505 28154 3457
3506 28182 34374
3507 28187 17441
3508 28189 19445
3509 28192 21569
3510 28261 28676
3511 28262 9310
3512 28267 18825
3513 28277 14074
3514 28278 18229
3515 28310 34364
3516 28313 20626
3517 28322 22756
3518 28325 20621
3519 28338 15795
3520 28343 3270
3521 28343 26800
3522 28351 11823
3523 28361 24089
3524 28375 30926
3525 28381 19093
3526 28393 31853
3527 28394 32505
3528 28397 18071
3529 28398 28030
3530 28400 2200
3531 28401 8382
3532 28422 17891
3533 28440 6427
3534 28449 23362
3535 28461 15651
3536 28470 20208
3537 28471 30270
3538 28488 5263
3539 28491 18648
3540 28493 13340
3541 28502 7287
3542 28522 15591
3543 28527 27232
3544 28552 10338
3545 28557 17062
3546 28563 25368
3547 28567 32568
3548 28575 12436
3549 28575 29868
3550 28576 3947
3551 28588 23554
3552 28589 13897
3553 28591 9261
3554 28608 9157
3555 28626 32422
3556 28633 28048
3557 28637 11791
3558 28639 15866
3559 28651 21547
3560 28652 27976
3561 28658 3354
3562 28673 19083
3563 28681 3260
3564 28682 10968
3565 28689 32570
3566 28695 19333
3567 28705 18670
3568 28710 23789
3569 28717 21155
3570 28721 7145
3571 28727 21364
3572 28729 32353
3573 28731 24158
3574 28732 27817
3575 28734 21743
3576 28740 25628
3577 28742 12386
3578 28744 7351
3579 28748 6728
3580 28751 14924
3581 28756 7181
3582 28774 3890
3583 28785 16735
3584 28795 21134
3585 28799 1281
3586 28801 20144
3587 28825 7459
3588 28828 11710
3589 28831 32098
3590 28855 18293
3591 28863 30956
3592 28873 8902
3593 28876 11902
3594 28878 9307
3595 28889 28278
3596 28921 16540
3597 28926 31520
3598 28933 6427
3599 28940 16274
3600 28944 17931
3601 28947 14991
3602 28948 13642
3603 28951 30063
3604 28952 15594
3605 28953 22931
3606 28966 19995
3607 28966 27153
3608 28967 1377
3609 28975 13735
3610 28978 28104
3611 29020 22634
3612 29030 14970
3613 29034 27108
3614 29050 10636
3615 29062 11178
3616 29072 22455
3617 29082 4814
3618 29095 10380
3619 29096 5840
3620 29097 5460
3621 29100 3856
3622 29106 31344
3623 29117 2074
3624 29117 27589
3625 29119 13335
3626 29121 1872
3627 29138 24976
3628 29144 10186
3629 29147 32168
3630 29156 15078
3631 29166 21538
3632 29167 9896
3633 29175 32039
3634 29177 8927
3635 29202 23948
3636 29203 28687
3637 29217 31882
3638 29226 3873
3639 29229 4697
3640 29235 22201
3641 29240 6740
3642 29242 31527
3643 29272 34456
3644 29273 17121
3645 29278 7280
3646 29291 32382
3647 29306 34704
3648 29322 22540
3649 29326 18382
3650 29329 6602
3651 29334 10081
3652 29336 32890
3653 29339 14763
3654 29378 856
3655 29424 28713
3656 29430 26961
3657 29431 2507
3658 29436 33307
3659 29437 1391
3660 29465 33507
3661 29482 21329
3662 29483 4653
3663 29494 14819
3664 29509 19594
3665 29530 9168
3666 29545 34026
3667 29550 12159
3668 29555 1550
3669 29564 10787
3670 29586 10054
3671 29589 9773
3672 29593 17035
3673 29604 32375
3674 29609 26290
3675 29611 20104
3676 29614 13460
3677 29640 22251
3678 29644 2893
3679 29654 14973
3680 29658 14044
3681 29659 8007
3682 29668 10651
3683 29680 19792
3684 29687 15887
3685 29698 13912
3686 29702 21565
3687 29717 19272
3688 29724 13642
3689 29754 1248
3690 29786 21989
3691 29787 22358
3692 29797 12564
3693 29813 16246
3694 29818 27329
3695 29821 1721
3696 29827 13716
3697 29828 23258
3698 29838 8032
3699 29838 10810
3700 29842 23718
3701 29846 21970
3702 29850 2620
3703 29856 26628
3704 29856 30006
3705 29861 33882
3706 29864 31855
3707 29871 21207
3708 29891 31448
3709 29894 25489
3710 29898 30556
3711 29924 6972
3712 29931 33446
3713 29933 29739
3714 29945 30288
3715 29947 11388
3716 29947 30238
3717 29948 34434
3718 29960 29635
3719 30018 27353
3720 30023 17538
3721 30023 23586
3722 30037 9922
3723 30038 15649
3724 30048 16578
3725 30053 15291
3726 30053 26675
3727 30078 31710
3728 30080 5673
3729 30087 30903
3730 30090 18437
3731 30098 23363
3732 30103 4425
3733 30121 24834
3734 30123 21110
3735 30136 25521
3736 30143 12441
3737 30148 14305
3738 30150 33059
3739 30155 22704
3740 30164 2854
3741 30177 1366
3742 30183 1180
3743 30197 2515
3744 30198 23450
3745 30201 29839
3746 30211 27470
3747 30211 27809
3748 30219 7848
3749 30220 16992
3750 30221 2781
3751 30235 10008
3752 30235 31349
3753 30240 2308
3754 30281 2365
3755 30286 33076
3756 30290 8822
3757 30292 28695
3758 30294 18912
3759 30300 29731
3760 30312 4137
3761 30314 13727
3762 30315 1303
3763 30318 18794
3764 30327 16303
3765 30333 22585
3766 30346 17961
3767 30356 22930
3768 30357 16346
3769 30359 32313
3770 30376 627
3771 30376 28851
3772 30376 34125
3773 30383 25538
3774 30383 25815
3775 30390 10956
3776 30415 27575
3777 30415 34746
3778 30416 5218
3779 30420 21456
3780 30432 10429
3781 30438 21629
3782 30443 3290
3783 30467 2540
3784 30475 8556
3785 30475 18275
3786 30481 8362
3787 30484 28359
3788 30492 28054
3789 30500 32901
3790 30503 13889
3791 30503 14282
3792 30529 33139
3793 30550 31908
3794 30556 20773
3795 30562 8404
3796 30562 23866
3797 30562 25260
3798 30563 29243
3799 30576 6880
3800 30579 5325
3801 30604 5418
3802 30605 1492
3803 30606 16201
3804 30621 8991
3805 30637 1329
3806 30640 17637
3807 30663 16393
3808 30665 23853
3809 30672 22378
3810 30674 23948
3811 30684 15179
3812 30691 33338
3813 30711 18897
3814 30720 33725
3815 30726 19989
3816 30731 25435
3817 30749 22053
3818 30749 33065
3819 30756 8552
3820 30762 4298
3821 30772 27622
3822 30776 11264
3823 30781 6762
3824 30787 3790
3825 30787 18495
3826 30811 28706
3827 30812 29141
3828 30813 16140
3829 30818 30801
3830 30831 29881
3831 30837 19621
3832 30852 9546
3833 30897 195
3834 30897 15881
3835 30901 7012
3836 30905 488
3837 30916 11259
3838 30921 16026
3839 30921 20001
3840 30940 8894
3841 30944 3822
3842 30969 23214
3843 30976 26778
3844 30996 29779
3845 31030 24530
3846 31039 11563
3847 31051 11303
3848 31064 32096
3849 31066 8554
3850 31067 30010
3851 31070 6513
3852 31070 13041
3853 31095 20711
3854 31096 14027
3855 31124 21414
3856 31137 33086
3857 31141 5977
3858 31142 5565
3859 31142 28552
3860 31143 31667
3861 31161 323
3862 31184 2341
3863 31185 13628
3864 31193 24607
3865 31196 19244
3866 31218 2418
3867 31218 11967
3868 31222 1843
3869 31224 1762
3870 31224 11423
3871 31227 5979
3872 31260 14873
3873 31272 3315
3874 31289 5094
3875 31289 14471
3876 31289 20268
3877 31293 23763
3878 31295 3080
3879 31307 13691
3880 31309 2407
3881 31309 27675
3882 31320 10577
3883 31328 14496
3884 31332 23257
3885 31338 6075
3886 31338 9676
3887 31342 9293
3888 31344 18815
3889 31371 16723
3890 31383 11207
3891 31386 28160
3892 31393 10305
3893 31394 14516
3894 31405 640
3895 31410 26473
3896 31422 21289
3897 31436 1147
3898 31444 14626
3899 31446 30199
3900 31448 11669
3901 31449 29924
3902 31456 19179
3903 31457 14926
3904 31465 34013
3905 31474 7258
3906 31487 2943
3907 31487 10155
3908 31490 21909
3909 31494 20769
3910 31499 19490
3911 31505 27246
3912 31507 10574
3913 31515 27017
3914 31520 4587
3915 31525 29005
3916 31529 1453
3917 31536 10348
3918 31539 21766
3919 31555 12691
3920 31555 29220
3921 31564 18170
3922 31564 34189
3923 31573 19195
3924 31592 26595
3925 31593 1759
3926 31594 20209
3927 31598 16032
3928 31599 23119
3929 31610 30319
3930 31624 31928
3931 31625 25973
3932 31646 11573
3933 31646 16515
3934 31655 11077
3935 31670 12216
3936 31679 27257
3937 31684 11110
3938 31692 24983
3939 31696 34010
3940 31701 11661
3941 31702 640
3942 31703 11869
3943 31707 6597
3944 31715 22718
3945 31722 15383
3946 31726 11787
3947 31731 26924
3948 31762 9333
3949 31767 15944
3950 31769 15020
3951 31780 16374
3952 31781 23630
3953 31784 13479
3954 31785 16022
3955 31785 19067
3956 31804 18690
3957 31818 2159
3958 31823 30027
3959 31828 13772
3960 31831 14139
3961 31834 11819
3962 31845 19828
3963 31851 14629
3964 31853 16645
3965 31871 5888
3966 31871 7308
3967 31872 13700
3968 31903 3325
3969 31909 3494
3970 31912 13227
3971 31918 5030
3972 31937 3566
3973 31947 18630
3974 31949 24267
3975 31955 7679
3976 31961 25292
3977 31968 33327
3978 32019 30447
3979 32033 5247
3980 32035 3325
3981 32046 2215
3982 32069 27080
3983 32070 626
3984 32085 6136
3985 32086 26741
3986 32093 22121
3987 32097 16383
3988 32098 5454
3989 32099 7064
3990 32123 27815
3991 32129 10988
3992 32139 20439
3993 32139 29730
3994 32143 18540
3995 32147 10309
3996 32178 31
3997 32178 28332
3998 32186 7423
3999 32187 29246
4000 32227 2191
4001 32230 11722
4002 32233 14984
4003 32236 6114
4004 32237 5431
4005 32238 18077
4006 32242 19418
4007 32253 10878
4008 32264 24664
4009 32273 21111
4010 32276 72
4011 32286 25399
4012 32291 13930
4013 32296 6368
4014 32297 23407
4015 32298 28053
4016 32309 31822
4017 32314 26096
4018 32324 19420
4019 32338 24130
4020 32362 4921
4021 32367 21506
4022 32376 15128
4023 32378 13474
4024 32380 27550
4025 32384 14700
4026 32384 28984
4027 32387 33531
4028 32404 20829
4029 32406 22732
4030 32408 3122
4031 32425 31935
4032 32437 22319
4033 32440 6568
4034 32449 16800
4035 32450 31210
4036 32459 1632
4037 32470 27021
4038 32492 2113
4039 32496 621
4040 32501 31612
4041 32504 28064
4042 32505 23312
4043 32506 3044
4044 32506 15941
4045 32514 22742
4046 32543 27141
4047 32562 32083
4048 32570 33949
4049 32588 4108
4050 32601 25799
4051 32603 32269
4052 32609 28117
4053 32635 5384
4054 32636 22780
4055 32661 20951
4056 32675 29566
4057 32682 12544
4058 32682 32619
4059 32690 12408
4060 32702 14435
4061 32723 7972
4062 32723 10656
4063 32735 11176
4064 32743 10895
4065 32751 33113
4066 32753 19940
4067 32755 4208
4068 32770 7705
4069 32779 350
4070 32780 13351
4071 32791 22751
4072 32804 228
4073 32830 19646
4074 32831 32899
4075 32833 16551
4076 32834 20600
4077 32840 12775
4078 32844 6928
4079 32853 20713
4080 32864 28504
4081 32878 4657
4082 32896 13776
4083 32915 10377
4084 32918 27733
4085 32939 33546
4086 32949 26837
4087 32950 34422
4088 32956 19656
4089 32965 2360
4090 32970 7371
4091 32983 31323
4092 32993 12876
4093 32995 28567
4094 33004 7008
4095 33008 24434
4096 33010 27434
4097 33019 6752
4098 33019 34501
4099 33023 25594
4100 33029 8599
4101 33041 25838
4102 33044 31320
4103 33047 12465
4104 33059 24387
4105 33071 33161
4106 33077 33071
4107 33085 13826
4108 33088 12947
4109 33100 6962
4110 33109 20510
4111 33116 21204
4112 33117 9560
4113 33121 21386
4114 33128 22299
4115 33129 29301
4116 33134 30243
4117 33151 13737
4118 33155 9725
4119 33155 12373
4120 33163 31686
4121 33165 16737
4122 33181 20913
4123 33189 34363
4124 33206 2668
4125 33213 18232
4126 33224 13741
4127 33229 21556
4128 33234 26417
4129 33240 18914
4130 33243 16192
4131 33246 5569
4132 33251 31707
4133 33276 23766
4134 33276 32017
4135 33280 30164
4136 33281 27804
4137 33284 34662
4138 33287 14962
4139 33288 20982
4140 33291 12562
4141 33310 18159
4142 33320 9908
4143 33321 29786
4144 33342 20341
4145 33351 25798
4146 33383 23763
4147 33389 18039
4148 33397 13223
4149 33407 20131
4150 33408 23462
4151 33413 19169
4152 33419 18406
4153 33421 26418
4154 33423 7492
4155 33430 10484
4156 33431 15379
4157 33434 15977
4158 33437 16287
4159 33448 27842
4160 33457 14616
4161 33458 13482
4162 33464 12409
4163 33469 8957
4164 33469 9756
4165 33471 22963
4166 33504 17956
4167 33517 23457
4168 33526 12574
4169 33532 31097
4170 33538 15672
4171 33540 33699
4172 33555 2290
4173 33567 18236
4174 33573 24834
4175 33583 20528
4176 33584 21602
4177 33589 18165
4178 33599 23426
4179 33614 28990
4180 33625 9262
4181 33626 9359
4182 33631 31511
4183 33633 28701
4184 33635 17530
4185 33651 34187
4186 33660 25995
4187 33666 18630
4188 33669 23198
4189 33678 33017
4190 33684 13309
4191 33696 5887
4192 33731 11415
4193 33791 12325
4194 33791 24374
4195 33794 11402
4196 33794 32621
4197 33798 12132
4198 33803 4534
4199 33805 22234
4200 33808 19628
4201 33808 34405
4202 33816 21556
4203 33824 2514
4204 33825 3925
4205 33837 13500
4206 33838 32352
4207 33841 8583
4208 33843 5209
4209 33847 133
4210 33850 19526
4211 33861 20700
4212 33905 3846
4213 33915 17261
4214 33921 3847
4215 33925 24560
4216 33952 10209
4217 33958 21094
4218 33959 8077
4219 33972 3334
4220 33985 27315
4221 33989 21782
4222 33990 8309
4223 33994 12880
4224 34017 9570
4225 34024 34481
4226 34042 24533
4227 34043 34740
4228 34048 18861
4229 34053 18274
4230 34060 32351
4231 34069 19242
4232 34074 6291
4233 34078 19593
4234 34115 6469
4235 34119 12605
4236 34119 30003
4237 34133 4472
4238 34163 34746
4239 34164 29448
4240 34168 255
4241 34172 3241
4242 34176 16409
4243 34180 34707
4244 34182 33624
4245 34183 9809
4246 34184 24282
4247 34198 18773
4248 34201 691
4249 34202 18518
4250 34213 27890
4251 34222 30304
4252 34225 7522
4253 34225 18303
4254 34230 18064
4255 34240 3398
4256 34247 25533
4257 34249 11050
4258 34253 16697
4259 34254 34441
4260 34270 8404
4261 34271 11378
4262 34282 17301
4263 34295 4020
4264 34303 7978
4265 34306 28707
4266 34310 6337
4267 34315 23087
4268 34323 10068
4269 34338 13030
4270 34339 28502
4271 34369 25075
4272 34410 8863
4273 34414 17893
4274 34443 17943
4275 34445 22395
4276 34447 32019
4277 34469 125
4278 34479 22
4279 34494 4830
4280 34512 1999
4281 34522 24477
4282 34527 11517
4283 34535 10659
4284 34539 7024
4285 34567 26698
4286 34581 13477
4287 34593 29217
4288 34605 9913
4289 34615 25627
4290 34618 12568
4291 34618 32724
4292 34619 13319
4293 34625 20462
4294 34627 5586
4295 34627 25614
4296 34631 31447
4297 34644 29577
4298 34646 8981
4299 34649 17225
4300 34659 24961
4301 34664 23718
4302 34678 22651
4303 34710 30250
4304 34715 21185
4305 34717 34075
4306 34719 34032
4307 34726 21715
4308 34728 23472
4309 34733 1021
4310 34740 34685
4311 34756 25955
4312 34756 30197
4313 34759 7203
4314 34771 12691
4315 34779 5272
4316 34801 7851