0 131 834
1 9 764
2 10 725
3 17 483
4 21 171
5 39 63
6 39 561
7 50 221
8 55 527
9 56 834
10 63 765
11 74 644
12 77 376
13 79 518
14 88 218
15 94 15
16 98 248
17 98 554
18 104 398
19 116 407
20 131 89
21 135 652
22 153 174
23 167 238
24 181 449
25 182 657
26 194 653
27 211 705
28 220 692
29 220 702
30 225 296
31 226 655
32 227 460
33 228 517
34 229 427
35 231 183
36 234 528
37 237 657
38 251 290
39 255 176
40 256 596
41 264 84
42 266 545
43 271 549
44 277 412
45 281 778
46 294 592
47 303 649
48 310 485
49 312 233
50 321 664
51 330 23
52 330 631
53 343 319
54 348 555
55 356 77
56 357 217
57 365 145
58 384 76
59 385 160
60 394 117
61 395 483
62 402 207
63 403 442
64 407 408
65 412 526
66 422 809
67 425 288
68 429 127
69 434 196
70 438 400
71 440 761
72 441 318
73 450 96
74 455 538
75 460 503
76 464 324
77 489 347
78 489 664
79 491 368
80 492 773
81 504 270
82 508 687
83 513 389
84 525 196
85 525 741
86 531 88
87 537 327
88 539 356
89 540 718
90 546 80
91 564 819
92 566 775
93 570 694
94 582 501
95 584 735
96 585 49
97 593 334
98 605 414
99 613 490
100 626 175
101 627 297
102 632 791
103 648 90
104 650 685
105 657 716
106 678 653
107 689 195
108 691 682
109 693 272
110 701 203
111 703 516
112 704 61
113 705 382
114 705 570
115 715 489
116 725 758
117 729 819
118 731 7
119 732 178
120 733 64
121 744 779
122 750 233
123 770 21
124 777 719
125 789 270
126 808 14
127 821 757
128 822 798
129 828 454
130 829 128
131 833 641