2 2146 16505
1 9 11530
2 14 9384
3 20 13538
4 23 11492
5 29 7371
6 33 5630
7 35 8754
8 48 4603
9 59 13750
10 75 3980
11 81 1175
12 83 15092
13 85 7387
14 86 9238
15 99 4407
16 102 12292
17 102 16394
18 103 10038
19 108 10765
20 112 9406
21 114 8433
22 122 3311
23 129 9376
24 135 8198
25 148 15201
26 149 9444
27 149 11663
28 168 10409
29 176 9150
30 183 2541
31 191 9829
32 203 4615
33 206 12919
34 208 9413
35 219 11581
36 219 13073
37 221 13061
38 232 1862
39 233 10078
40 233 12770
41 235 2925
42 235 14936
43 239 1212
44 243 13437
45 246 5421
46 258 9563
47 275 7112
48 278 4077
49 290 5461
50 293 9700
51 297 5394
52 299 9478
53 307 7282
54 343 8422
55 352 6106
56 357 7238
57 362 11148
58 382 14136
59 405 11400
60 410 9073
61 411 12433
62 411 14548
63 431 14249
64 436 264
65 441 459
66 456 13777
67 463 16323
68 465 11295
69 465 12973
70 468 4501
71 469 16156
72 473 9509
73 481 439
74 506 13823
75 508 11877
76 514 2117
77 518 12029
78 536 480
79 543 9319
80 545 14198
81 546 11808
82 547 3378
83 549 3365
84 556 16492
85 571 14700
86 574 5887
87 579 969
88 580 3637
89 596 1719
90 600 4034
91 608 8785
92 614 16494
93 616 14053
94 623 5502
95 649 6905
96 665 6292
97 696 13649
98 717 5714
99 728 9524
100 741 9300
101 745 8620
102 748 3131
103 753 4456
104 754 6191
105 760 13318
106 782 1296
107 783 3673
108 789 4489
109 795 11720
110 797 13228
111 804 686
112 809 4514
113 818 13822
114 819 9192
115 821 3786
116 828 7974
117 835 9120
118 838 9662
119 841 1213
120 852 1809
121 854 10188
122 855 14745
123 857 10949
124 862 278
125 883 6606
126 912 8418
127 916 898
128 916 5140
129 921 1829
130 921 14326
131 933 14035
132 937 7670
133 943 8645
134 948 9503
135 948 12954
136 950 13126
137 951 3309
138 997 15739
139 1000 15585
140 1011 1407
141 1026 196
142 1032 4844
143 1039 15089
144 1040 8390
145 1040 14564
146 1045 10120
147 1046 9732
148 1054 5697
149 1060 1257
150 1070 9803
151 1087 4192
152 1090 9126
153 1093 12798
154 1103 5938
155 1104 11453
156 1125 8155
157 1126 14940
158 1130 4065
159 1134 2949
160 1134 4544
161 1148 13802
162 1163 504
163 1166 973
164 1168 14956
165 1169 2011
166 1169 4491
167 1169 9315
168 1189 13913
169 1191 10211
170 1208 16086
171 1216 1878
172 1219 3112
173 1230 4532
174 1236 6913
175 1238 5282
176 1240 8825
177 1247 3509
178 1251 4428
179 1256 1509
180 1281 4558
181 1281 10163
182 1285 8467
183 1303 2063
184 1305 15804
185 1334 4832
186 1350 15477
187 1359 7361
188 1366 1208
189 1373 16025
190 1379 12406
191 1383 12030
192 1385 8081
193 1388 12854
194 1391 5907
195 1402 11800
196 1420 14991
197 1426 10400
198 1435 5998
199 1441 2815
200 1454 15558
201 1463 5227
202 1469 2917
203 1470 15871
204 1472 8667
205 1482 9161
206 1483 5976
207 1500 11093
208 1505 11476
209 1524 14119
210 1527 3088
211 1539 3870
212 1539 10758
213 1540 4594
214 1542 10363
215 1551 735
216 1558 3802
217 1560 12388
218 1570 9485
219 1589 2002
220 1590 15095
221 1596 12209
222 1597 6429
223 1607 6862
224 1608 8700
225 1626 12849
226 1639 5417
227 1648 7488
228 1659 3018
229 1660 11932
230 1666 8625
231 1668 15659
232 1675 2903
233 1676 15955
234 1712 762
235 1713 11375
236 1721 6151
237 1721 10539
238 1722 14084
239 1726 13177
240 1727 13352
241 1746 2345
242 1749 9804
243 1758 14134
244 1762 12174
245 1765 6266
246 1785 1895
247 1789 9441
248 1797 12377
249 1811 10683
250 1814 15445
251 1823 12297
252 1837 11361
253 1847 14775
254 1865 11770
255 1869 8287
256 1877 4645
257 1887 12872
258 1894 4580
259 1933 9223
260 1943 8081
261 1947 326
262 1957 16278
263 1958 15844
264 1960 675
265 1966 13735
266 1968 9433
267 1971 13611
268 1976 11140
269 1980 432
270 1983 744
271 1997 1296
272 2008 9625
273 2011 13817
274 2020 14500
275 2028 8113
276 2036 6816
277 2038 15134
278 2052 9960
279 2060 1669
280 2062 4388
281 2065 12976
282 2081 528
283 2095 15235
284 2095 15256
285 2096 15219
286 2116 9848
287 2119 3772
288 2140 15027
289 2144 9260
290 2149 15658
291 2155 12277
292 2174 6092
293 2179 6587
294 2195 4770
295 2195 12629
296 2196 13113
297 2201 4354
298 2218 8784
299 2223 14079
300 2236 11891
301 2240 3248
302 2244 2915
303 2244 4399
304 2244 16259
305 2259 6448
306 2267 6251
307 2270 14507
308 2274 9876
309 2283 7031
310 2287 10488
311 2288 14214
312 2289 5624
313 2294 8623
314 2295 9607
315 2303 10657
316 2310 2930
317 2312 6806
318 2329 1004
319 2329 2602
320 2335 11142
321 2358 2773
322 2366 8603
323 2366 12195
324 2369 304
325 2369 10517
326 2370 10200
327 2380 8382
328 2388 12765
329 2390 4434
330 2390 13066
331 2404 13517
332 2421 14832
333 2432 2873
334 2439 2732
335 2470 10303
336 2481 11574
337 2502 5844
338 2519 10887
339 2521 7784
340 2535 8938
341 2542 13557
342 2560 2400
343 2565 15248
344 2566 9083
345 2571 5819
346 2573 7089
347 2574 4789
348 2584 14713
349 2591 8705
350 2597 16224
351 2599 6634
352 2604 7098
353 2639 3354
354 2640 5586
355 2663 15093
356 2688 14516
357 2691 4575
358 2698 14627
359 2699 153
360 2709 9833
361 2716 11696
362 2724 14470
363 2744 13040
364 2748 5124
365 2754 12023
366 2755 15362
367 2763 16421
368 2773 15507
369 2775 924
370 2787 14158
371 2796 2376
372 2805 13844
373 2822 5705
374 2826 1634
375 2828 10109
376 2830 5735
377 2837 9067
378 2844 7700
379 2846 7714
380 2847 16337
381 2848 6281
382 2854 12793
383 2857 16396
384 2863 13115
385 2871 16005
386 2901 3607
387 2902 12896
388 2903 1499
389 2910 244
390 2919 902
391 2921 5606
392 2923 9464
393 2923 12493
394 2926 15412
395 2929 11045
396 2936 1354
397 2938 14659
398 2943 610
399 2950 13547
400 2951 2497
401 2952 4506
402 2954 8987
403 2957 5203
404 2957 9662
405 2958 13897
406 2973 8246
407 2979 13557
408 2980 2094
409 2983 15104
410 2998 9687
411 3000 396
412 3000 2714
413 3010 2400
414 3013 12571
415 3022 11706
416 3025 12545
417 3030 1829
418 3032 12912
419 3033 726
420 3036 12307
421 3037 230
422 3055 11696
423 3067 2505
424 3069 12620
425 3069 13776
426 3071 711
427 3086 914
428 3089 14964
429 3095 13867
430 3107 7989
431 3119 15884
432 3123 6638
433 3123 13184
434 3159 15734
435 3183 2102
436 3184 10408
437 3185 5550
438 3187 14991
439 3192 4250
440 3201 14811
441 3228 11609
442 3251 8419
443 3261 7070
444 3267 13
445 3277 15659
446 3298 14075
447 3302 13338
448 3303 13528
449 3316 1103
450 3328 14030
451 3330 7997
452 3343 7691
453 3357 14826
454 3360 10316
455 3366 1044
456 3366 13394
457 3369 11954
458 3399 5324
459 3404 16456
460 3415 3868
461 3418 8913
462 3422 6563
463 3435 10092
464 3456 5611
465 3460 3086
466 3465 1122
467 3467 4828
468 3467 7218
469 3475 520
470 3475 2881
471 3489 4352
472 3493 9963
473 3496 7108
474 3519 11668
475 3526 10577
476 3530 5017
477 3550 15831
478 3552 12649
479 3556 14506
480 3557 13973
481 3559 8848
482 3559 15335
483 3565 10050
484 3567 13747
485 3568 164
486 3570 1459
487 3573 9004
488 3576 1843
489 3583 13483
490 3595 14402
491 3609 9302
492 3621 10368
493 3622 640
494 3644 3749
495 3652 4907
496 3693 14822
497 3694 10607
498 3698 14263
499 3717 1304
500 3729 12870
501 3729 15574
502 3730 2075
503 3734 2616
504 3759 3129
505 3766 1701
506 3772 7925
507 3787 5405
508 3793 1891
509 3800 15429
510 3818 14476
511 3828 7337
512 3843 154
513 3844 14366
514 3846 6820
515 3855 14779
516 3867 634
517 3873 14008
518 3890 5393
519 3901 13816
520 3929 13944
521 3973 10495
522 3978 8999
523 3989 14305
524 3995 2102
525 4000 14192
526 4012 7719
527 4017 563
528 4020 1426
529 4027 3615
530 4043 8600
531 4044 9354
532 4048 13407
533 4049 454
534 4054 13877
535 4071 12193
536 4078 9342
537 4079 13660
538 4087 8498
539 4094 482
540 4116 5297
541 4122 6395
542 4124 10341
543 4130 13118
544 4133 6242
545 4139 9231
546 4144 6526
547 4144 7338
548 4151 11220
549 4155 5458
550 4167 5631
551 4172 8398
552 4192 28
553 4195 11438
554 4196 12254
555 4197 12737
556 4197 15196
557 4214 11306
558 4215 2542
559 4216 4565
560 4221 15564
561 4232 13341
562 4240 146
563 4247 10356
564 4251 16245
565 4269 2631
566 4275 573
567 4275 14964
568 4276 803
569 4292 11420
570 4298 10256
571 4306 7963
572 4314 4194
573 4317 10505
574 4322 11034
575 4325 6262
576 4329 15667
577 4332 15285
578 4371 12312
579 4372 5596
580 4389 137
581 4389 4828
582 4395 7330
583 4396 1069
584 4400 2413
585 4402 5051
586 4405 10015
587 4406 8299
588 4406 11563
589 4418 6973
590 4427 1495
591 4449 9997
592 4451 14165
593 4456 8564
594 4457 7868
595 4476 2462
596 4489 5699
597 4490 14893
598 4498 1769
599 4500 7805
600 4514 5373
601 4519 10666
602 4524 14664
603 4527 11192
604 4532 5539
605 4533 14373
606 4544 5714
607 4567 13234
608 4567 14793
609 4569 5041
610 4571 1245
611 4577 1230
612 4582 4584
613 4587 9520
614 4588 8572
615 4602 3182
616 4602 14390
617 4610 8150
618 4613 16323
619 4618 5353
620 4623 9892
621 4633 11009
622 4635 10110
623 4644 15069
624 4650 13034
625 4657 13129
626 4664 11891
627 4679 1837
628 4679 7130
629 4683 3313
630 4700 6026
631 4709 11082
632 4715 5686
633 4758 6620
634 4772 6190
635 4775 14673
636 4792 8084
637 4796 13034
638 4799 14467
639 4807 9338
640 4813 4459
641 4817 6964
642 4824 14829
643 4826 12504
644 4836 8276
645 4838 7701
646 4839 13478
647 4859 15872
648 4861 8276
649 4865 2126
650 4878 3624
651 4882 3804
652 4885 2447
653 4892 6196
654 4899 4225
655 4901 3000
656 4939 15849
657 4945 9571
658 4951 4112
659 4967 4503
660 4968 8511
661 4974 4001
662 4976 10578
663 5000 803
664 5004 466
665 5012 11994
666 5014 5219
667 5016 5609
668 5023 4663
669 5025 15448
670 5050 13134
671 5059 30
672 5064 4133
673 5065 12806
674 5072 11618
675 5074 9222
676 5083 9472
677 5093 1753
678 5099 5191
679 5107 12951
680 5109 2777
681 5109 7674
682 5127 14742
683 5133 8537
684 5137 6981
685 5141 5600
686 5142 11113
687 5143 4860
688 5152 15538
689 5156 6184
690 5156 8073
691 5158 2132
692 5160 15500
693 5170 11776
694 5175 302
695 5194 2514
696 5194 9925
697 5194 15273
698 5226 8767
699 5239 4198
700 5261 12596
701 5285 12918
702 5306 4093
703 5313 14647
704 5316 5463
705 5334 4738
706 5344 12326
707 5347 15646
708 5369 3540
709 5373 8655
710 5375 3590
711 5379 3144
712 5388 5908
713 5395 3292
714 5401 10388
715 5412 5517
716 5421 2644
717 5438 13692
718 5442 3933
719 5443 1656
720 5443 12186
721 5452 7069
722 5462 7927
723 5463 13203
724 5464 4055
725 5472 895
726 5495 2174
727 5512 3044
728 5514 6165
729 5531 6992
730 5535 1297
731 5536 5230
732 5538 4419
733 5543 738
734 5545 13932
735 5550 1805
736 5560 5294
737 5564 8593
738 5570 14746
739 5586 4896
740 5590 9139
741 5592 10437
742 5594 7653
743 5610 10604
744 5612 313
745 5617 1966
746 5626 1741
747 5649 2448
748 5669 5292
749 5670 9568
750 5675 1045
751 5680 9392
752 5699 10434
753 5711 3253
754 5719 6403
755 5721 7489
756 5733 12833
757 5733 15568
758 5770 14208
759 5776 12866
760 5778 9161
761 5783 424
762 5784 11077
763 5784 14189
764 5787 15774
765 5797 5800
766 5804 11164
767 5808 11651
768 5819 15901
769 5825 15331
770 5833 3071
771 5858 10205
772 5864 15915
773 5867 8610
774 5870 2288
775 5874 3711
776 5883 2095
777 5895 7827
778 5896 2179
779 5900 12322
780 5916 5637
781 5933 5572
782 5936 7979
783 5950 825
784 5954 28
785 5957 12851
786 5966 8585
787 5968 2199
788 5968 6399
789 5973 7002
790 5977 1061
791 5980 1513
792 5987 3684
793 5993 1525
794 5999 10037
795 6001 15193
796 6003 9895
797 6016 4085
798 6018 6224
799 6022 3335
800 6022 15619
801 6031 7965
802 6042 7428
803 6044 13807
804 6051 7502
805 6066 228
806 6068 2369
807 6070 15192
808 6078 7021
809 6080 5413
810 6091 6024
811 6114 13123
812 6121 10163
813 6122 6901
814 6126 12217
815 6146 10469
816 6156 15608
817 6177 10283
818 6189 5990
819 6197 8265
820 6199 2530
821 6204 14140
822 6206 13820
823 6209 9348
824 6210 7372
825 6211 9225
826 6218 719
827 6223 54
828 6233 5315
829 6234 796
830 6241 6472
831 6255 14474
832 6272 7456
833 6277 12532
834 6280 9225
835 6293 5129
836 6304 12889
837 6311 4961
838 6311 15530
839 6320 5255
840 6333 3744
841 6338 4716
842 6359 2954
843 6359 9183
844 6359 9503
845 6363 6392
846 6376 11424
847 6378 15654
848 6389 7407
849 6392 13989
850 6406 1378
851 6410 9092
852 6422 16095
853 6426 12407
854 6427 2372
855 6429 14154
856 6443 2995
857 6446 7441
858 6456 1716
859 6475 5692
860 6492 10965
861 6497 2720
862 6503 7361
863 6505 12325
864 6511 13068
865 6517 6779
866 6518 6655
867 6527 4248
868 6529 659
869 6536 10948
870 6544 7911
871 6544 12354
872 6549 11185
873 6549 15363
874 6551 13908
875 6555 11515
876 6561 13862
877 6585 3153
878 6621 9070
879 6629 1891
880 6629 10105
881 6633 13855
882 6676 3280
883 6692 14030
884 6698 12678
885 6701 2951
886 6713 9965
887 6718 14148
888 6720 14596
889 6722 14759
890 6735 62
891 6741 14871
892 6754 7256
893 6755 16484
894 6787 6331
895 6792 14515
896 6798 10652
897 6802 7043
898 6810 15876
899 6816 266
900 6825 14103
901 6845 3235
902 6847 14954
903 6854 850
904 6855 4304
905 6857 10945
906 6865 5827
907 6868 2235
908 6883 1770
909 6886 15379
910 6889 14456
911 6897 5110
912 6903 11412
913 6905 11901
914 6910 15715
915 6912 2125
916 6925 10270
917 6927 9742
918 6931 6260
919 6933 10723
920 6943 4098
921 6944 2434
922 6946 14143
923 6949 12572
924 6955 690
925 6975 513
926 6978 10315
927 6981 9589
928 6994 15178
929 6996 14712
930 7019 5756
931 7019 12531
932 7024 7275
933 7025 9597
934 7026 15684
935 7030 6973
936 7035 13011
937 7070 16387
938 7083 11820
939 7086 6534
940 7095 13843
941 7116 3402
942 7118 9253
943 7118 9492
944 7122 13760
945 7135 10720
946 7137 12144
947 7149 541
948 7160 8637
949 7162 10004
950 7165 1661
951 7171 13816
952 7176 5591
953 7194 8862
954 7197 12918
955 7199 7970
956 7220 8442
957 7222 14568
958 7253 16129
959 7258 9574
960 7267 11116
961 7276 3150
962 7277 2756
963 7279 5286
964 7280 3663
965 7284 11724
966 7293 2284
967 7293 6777
968 7296 1901
969 7296 8982
970 7303 8349
971 7306 4245
972 7313 5410
973 7313 13938
974 7316 2273
975 7328 8652
976 7330 10717
977 7335 5593
978 7335 11082
979 7338 12663
980 7341 6749
981 7373 10890
982 7380 11031
983 7382 6373
984 7385 15708
985 7395 532
986 7403 11089
987 7409 4220
988 7415 9346
989 7417 10068
990 7431 14796
991 7438 8311
992 7439 3757
993 7439 15497
994 7439 16151
995 7460 16314
996 7463 2591
997 7469 15887
998 7481 4089
999 7498 9291
1000 7501 1817
1001 7502 12336
1002 7509 14396
1003 7512 4719
1004 7518 10475
1005 7523 14201
1006 7524 1905
1007 7531 8619
1008 7539 7094
1009 7547 10755
1010 7557 9653
1011 7563 12475
1012 7593 16013
1013 7603 5367
1014 7607 1637
1015 7614 14309
1016 7615 13452
1017 7619 11710
1018 7627 5802
1019 7676 3562
1020 7680 11139
1021 7683 9292
1022 7691 3737
1023 7693 9045
1024 7726 4843
1025 7736 15974
1026 7737 16138
1027 7738 13232
1028 7743 13428
1029 7756 14431
1030 7757 3153
1031 7761 697
1032 7764 9982
1033 7767 4822
1034 7768 4892
1035 7786 1125
1036 7786 2578
1037 7787 4870
1038 7799 13631
1039 7810 13961
1040 7813 7904
1041 7815 13293
1042 7817 12981
1043 7826 15520
1044 7858 10860
1045 7859 2820
1046 7860 1761
1047 7864 2507
1048 7867 8120
1049 7868 15480
1050 7891 9819
1051 7896 10916
1052 7901 16279
1053 7907 9956
1054 7907 12700
1055 7928 2239
1056 7930 9175
1057 7934 6206
1058 7937 377
1059 7976 5279
1060 7976 15947
1061 7989 5528
1062 7993 12298
1063 7994 1839
1064 8000 2482
1065 8000 12748
1066 8001 540
1067 8001 8028
1068 8004 13941
1069 8013 7076
1070 8027 15609
1071 8030 15974
1072 8037 10751
1073 8053 6539
1074 8058 5193
1075 8061 4319
1076 8069 9348
1077 8083 14893
1078 8086 866
1079 8092 9879
1080 8103 12458
1081 8105 13692
1082 8105 15043
1083 8128 15985
1084 8130 2505
1085 8138 5702
1086 8157 4701
1087 8168 8674
1088 8168 10000
1089 8177 11660
1090 8187 2999
1091 8187 10545
1092 8201 2762
1093 8217 336
1094 8234 10731
1095 8235 5817
1096 8243 15885
1097 8253 8508
1098 8257 16376
1099 8282 10630
1100 8291 5358
1101 8295 12540
1102 8302 868
1103 8306 12238
1104 8314 14930
1105 8327 12278
1106 8335 7930
1107 8336 1397
1108 8339 14098
1109 8340 12223
1110 8350 13357
1111 8360 6927
1112 8370 12119
1113 8377 5031
1114 8391 6734
1115 8393 4133
1116 8398 9548
1117 8408 8720
1118 8412 10663
1119 8417 4030
1120 8422 11683
1121 8430 7095
1122 8431 1564
1123 8431 3777
1124 8435 15975
1125 8453 16074
1126 8466 1414
1127 8466 4515
1128 8483 13010
1129 8492 15915
1130 8505 7195
1131 8530 14402
1132 8531 9186
1133 8534 2097
1134 8537 9703
1135 8539 7727
1136 8541 14772
1137 8554 9939
1138 8556 1616
1139 8560 15343
1140 8561 1072
1141 8565 493
1142 8566 7184
1143 8584 4829
1144 8588 7084
1145 8594 9716
1146 8600 2793
1147 8603 13218
1148 8605 7980
1149 8647 7839
1150 8654 7200
1151 8659 6266
1152 8664 1877
1153 8665 1450
1154 8673 5345
1155 8673 9072
1156 8682 6442
1157 8687 13966
1158 8689 15909
1159 8693 4160
1160 8699 2872
1161 8700 438
1162 8710 8504
1163 8714 1620
1164 8716 7976
1165 8716 11225
1166 8719 12734
1167 8722 954
1168 8735 5540
1169 8741 8926
1170 8742 6148
1171 8748 7516
1172 8750 9549
1173 8754 11252
1174 8775 13256
1175 8797 16038
1176 8821 6857
1177 8845 4181
1178 8845 10359
1179 8850 8068
1180 8869 16236
1181 8872 15506
1182 8874 4514
1183 8886 10396
1184 8894 8275
1185 8896 4520
1186 8904 2923
1187 8917 10860
1188 8930 8686
1189 8934 16284
1190 8938 6587
1191 8944 13019
1192 8945 11862
1193 8949 11276
1194 8955 3498
1195 8960 13355
1196 8961 5874
1197 8965 4868
1198 8974 13715
1199 8985 3863
1200 8988 6916
1201 8991 14371
1202 8994 1959
1203 9011 11839
1204 9027 2303
1205 9035 6283
1206 9047 9716
1207 9049 14054
1208 9062 2031
1209 9089 2813
1210 9096 15149
1211 9106 12726
1212 9116 5566
1213 9124 6322
1214 9126 7027
1215 9143 9080
1216 9160 2050
1217 9171 14005
1218 9208 12663
1219 9215 5064
1220 9220 3200
1221 9220 10214
1222 9228 6017
1223 9232 8176
1224 9242 6448
1225 9242 13967
1226 9250 13946
1227 9254 11887
1228 9255 9003
1229 9257 4534
1230 9264 3063
1231 9271 60
1232 9273 5403
1233 9274 9927
1234 9277 10252
1235 9284 15309
1236 9286 9714
1237 9288 3361
1238 9294 10434
1239 9310 5259
1240 9318 14216
1241 9320 4379
1242 9325 13040
1243 9336 13905
1244 9351 3773
1245 9358 9659
1246 9360 16217
1247 9362 4861
1248 9384 11229
1249 9386 10118
1250 9404 8619
1251 9404 10351
1252 9406 3629
1253 9417 8504
1254 9431 11699
1255 9435 13665
1256 9441 6165
1257 9473 97
1258 9484 16139
1259 9510 1718
1260 9518 4197
1261 9524 847
1262 9531 1319
1263 9543 6700
1264 9544 11301
1265 9545 5302
1266 9549 135
1267 9560 9211
1268 9565 10081
1269 9577 12092
1270 9588 6119
1271 9589 662
1272 9598 12015
1273 9600 15892
1274 9621 6594
1275 9625 12850
1276 9628 11298
1277 9634 5352
1278 9635 225
1279 9682 1939
1280 9690 6965
1281 9695 12257
1282 9710 1170
1283 9710 13149
1284 9721 10110
1285 9722 4082
1286 9728 9711
1287 9738 709
1288 9750 7618
1289 9752 4948
1290 9755 6137
1291 9773 9318
1292 9775 8830
1293 9780 14591
1294 9783 11462
1295 9791 13682
1296 9792 8676
1297 9793 4134
1298 9795 15817
1299 9798 2864
1300 9810 15561
1301 9819 9803
1302 9820 12358
1303 9827 7213
1304 9836 744
1305 9866 10720
1306 9874 13557
1307 9876 11528
1308 9877 12372
1309 9879 9224
1310 9894 15555
1311 9896 5224
1312 9904 15249
1313 9911 10119
1314 9915 13450
1315 9923 15219
1316 9933 14377
1317 9934 1902
1318 9957 2940
1319 9961 12176
1320 9967 4735
1321 9969 7401
1322 9981 8891
1323 9984 4604
1324 10000 14982
1325 10009 5787
1326 10009 6850
1327 10026 9694
1328 10035 535
1329 10038 2955
1330 10052 4446
1331 10054 5030
1332 10056 6965
1333 10076 7856
1334 10083 1272
1335 10088 5558
1336 10095 13436
1337 10098 6220
1338 10109 3549
1339 10121 4501
1340 10124 12437
1341 10131 14623
1342 10132 15401
1343 10144 4494
1344 10146 4391
1345 10160 11540
1346 10162 5596
1347 10166 13420
1348 10167 6774
1349 10176 12968
1350 10182 13668
1351 10184 4980
1352 10184 13317
1353 10185 15306
1354 10192 3620
1355 10203 1533
1356 10205 8107
1357 10219 3224
1358 10220 13356
1359 10222 11234
1360 10223 10828
1361 10224 14155
1362 10242 387
1363 10242 5379
1364 10249 7096
1365 10250 10011
1366 10264 14742
1367 10274 9007
1368 10276 15349
1369 10279 15325
1370 10281 14082
1371 10282 11046
1372 10305 10579
1373 10311 15004
1374 10319 15016
1375 10322 6036
1376 10323 399
1377 10327 14277
1378 10355 10946
1379 10359 5672
1380 10360 3281
1381 10362 15112
1382 10371 14381
1383 10373 13267
1384 10416 6709
1385 10420 1643
1386 10425 15524
1387 10426 3775
1388 10454 11277
1389 10477 11164
1390 10485 898
1391 10497 13932
1392 10520 927
1393 10531 1098
1394 10535 16082
1395 10536 385
1396 10556 14840
1397 10573 6224
1398 10576 7563
1399 10587 8819
1400 10599 14745
1401 10610 2308
1402 10612 6638
1403 10623 2320
1404 10625 10882
1405 10639 11603
1406 10644 7594
1407 10648 12530
1408 10650 1065
1409 10654 11379
1410 10681 9779
1411 10681 10560
1412 10692 221
1413 10698 770
1414 10698 8402
1415 10702 12396
1416 10706 2639
1417 10708 5731
1418 10720 11829
1419 10754 9232
1420 10759 15916
1421 10763 9988
1422 10788 15763
1423 10805 13445
1424 10807 6089
1425 10809 10549
1426 10814 11174
1427 10814 16413
1428 10845 12499
1429 10849 10505
1430 10870 6577
1431 10873 14984
1432 10876 7677
1433 10877 8181
1434 10884 11076
1435 10887 12817
1436 10887 14330
1437 10890 927
1438 10897 5554
1439 10902 8571
1440 10905 7027
1441 10906 738
1442 10907 162
1443 10915 14537
1444 10982 2194
1445 10999 831
1446 11002 9297
1447 11007 7395
1448 11011 12840
1449 11014 8160
1450 11036 7746
1451 11042 1226
1452 11045 9872
1453 11046 489
1454 11047 4208
1455 11050 16219
1456 11087 12868
1457 11099 72
1458 11100 16070
1459 11103 12692
1460 11107 1858
1461 11125 12873
1462 11129 3747
1463 11134 13934
1464 11136 450
1465 11147 6100
1466 11156 3242
1467 11159 15955
1468 11164 9108
1469 11165 10992
1470 11170 2181
1471 11183 14007
1472 11198 3931
1473 11199 13179
1474 11208 12949
1475 11215 1249
1476 11218 15253
1477 11229 4528
1478 11236 1790
1479 11236 16442
1480 11240 8123
1481 11251 4193
1482 11271 12397
1483 11287 6220
1484 11302 7001
1485 11310 703
1486 11317 9270
1487 11324 10233
1488 11330 2121
1489 11331 3328
1490 11333 8767
1491 11333 11929
1492 11336 3469
1493 11351 952
1494 11364 6109
1495 11365 2595
1496 11375 12085
1497 11394 9805
1498 11410 14664
1499 11427 9533
1500 11443 10541
1501 11444 1400
1502 11447 12320
1503 11485 7340
1504 11488 12828
1505 11512 4856
1506 11520 14463
1507 11533 5000
1508 11534 1885
1509 11535 6282
1510 11535 16115
1511 11550 11761
1512 11551 2155
1513 11557 8525
1514 11559 6351
1515 11565 11329
1516 11575 7650
1517 11594 15030
1518 11616 5299
1519 11633 1025
1520 11646 8481
1521 11650 15570
1522 11651 10784
1523 11655 6981
1524 11659 6600
1525 11668 8363
1526 11670 1641
1527 11676 7286
1528 11677 12462
1529 11687 11559
1530 11702 5701
1531 11703 1342
1532 11711 9016
1533 11711 11152
1534 11714 11317
1535 11747 12046
1536 11748 8387
1537 11755 14119
1538 11763 2555
1539 11764 13098
1540 11764 16220
1541 11765 12168
1542 11765 13986
1543 11768 10244
1544 11771 16282
1545 11785 7752
1546 11786 12821
1547 11789 7442
1548 11793 13373
1549 11827 10963
1550 11829 12281
1551 11845 9349
1552 11864 9211
1553 11878 11687
1554 11902 6898
1555 11918 4675
1556 11942 11937
1557 11954 6391
1558 11960 934
1559 11966 5883
1560 11985 1591
1561 11986 13262
1562 12004 6001
1563 12010 6308
1564 12010 11480
1565 12015 2540
1566 12023 811
1567 12027 4142
1568 12034 10697
1569 12040 11265
1570 12043 2757
1571 12045 657
1572 12064 14536
1573 12069 10758
1574 12072 9397
1575 12073 12438
1576 12081 998
1577 12088 15836
1578 12128 1689
1579 12136 1677
1580 12152 662
1581 12152 2674
1582 12153 14446
1583 12160 13991
1584 12161 7032
1585 12171 15322
1586 12174 13317
1587 12181 530
1588 12204 3610
1589 12262 1829
1590 12272 1945
1591 12287 10056
1592 12307 6832
1593 12307 12565
1594 12310 10859
1595 12327 4843
1596 12335 15926
1597 12337 4057
1598 12340 5805
1599 12347 423
1600 12373 12995
1601 12382 16145
1602 12390 11566
1603 12393 3938
1604 12397 5877
1605 12397 6764
1606 12404 9405
1607 12410 16066
1608 12416 6063
1609 12421 1968
1610 12431 11489
1611 12432 15536
1612 12443 763
1613 12452 6638
1614 12453 12774
1615 12455 8631
1616 12466 259
1617 12470 10510
1618 12472 5075
1619 12478 10840
1620 12491 1658
1621 12495 4558
1622 12498 9681
1623 12498 11444
1624 12519 11956
1625 12524 16118
1626 12526 9221
1627 12528 14493
1628 12537 2733
1629 12538 1002
1630 12542 15834
1631 12552 9375
1632 12553 4158
1633 12554 10502
1634 12559 11879
1635 12565 5542
1636 12587 1998
1637 12594 2579
1638 12595 11632
1639 12602 8875
1640 12621 9927
1641 12637 13983
1642 12644 3149
1643 12647 13090
1644 12653 11679
1645 12659 12212
1646 12669 11964
1647 12673 6905
1648 12677 6599
1649 12677 7433
1650 12683 10184
1651 12688 2567
1652 12698 16107
1653 12701 11746
1654 12706 7272
1655 12728 9829
1656 12734 10099
1657 12735 16410
1658 12738 7304
1659 12739 1375
1660 12743 9803
1661 12745 4091
1662 12746 13416
1663 12748 12014
1664 12770 12028
1665 12774 9196
1666 12784 6558
1667 12784 14451
1668 12792 7944
1669 12798 6260
1670 12801 14663
1671 12803 10680
1672 12816 8905
1673 12825 612
1674 12825 685
1675 12837 10968
1676 12843 6006
1677 12855 14872
1678 12858 367
1679 12869 12182
1680 12875 11213
1681 12886 2956
1682 12900 12408
1683 12902 5875
1684 12903 2054
1685 12936 7885
1686 12938 163
1687 12945 3001
1688 12951 10033
1689 12959 6482
1690 12959 15077
1691 12970 16146
1692 12975 13778
1693 12996 7640
1694 13003 5679
1695 13022 12092
1696 13023 5094
1697 13023 11847
1698 13025 8036
1699 13027 6704
1700 13027 8576
1701 13033 8704
1702 13037 1608
1703 13040 10019
1704 13052 15570
1705 13065 5755
1706 13066 8364
1707 13079 3768
1708 13079 4808
1709 13094 12030
1710 13096 13780
1711 13101 8603
1712 13101 12978
1713 13106 8440
1714 13127 14985
1715 13135 4920
1716 13149 5027
1717 13152 13921
1718 13154 11066
1719 13162 11574
1720 13163 5720
1721 13187 10116
1722 13196 14366
1723 13206 899
1724 13214 3561
1725 13224 8736
1726 13234 9040
1727 13236 11888
1728 13243 1026
1729 13247 1961
1730 13247 11427
1731 13249 1772
1732 13250 3923
1733 13274 2233
1734 13281 709
1735 13291 2878
1736 13299 3121
1737 13300 4147
1738 13308 16135
1739 13310 6497
1740 13311 13438
1741 13323 13987
1742 13326 7855
1743 13328 16195
1744 13329 11670
1745 13337 9301
1746 13338 16121
1747 13344 15800
1748 13355 13255
1749 13362 7296
1750 13371 1780
1751 13373 9903
1752 13379 5455
1753 13383 8494
1754 13387 10093
1755 13400 6618
1756 13411 3371
1757 13418 13209
1758 13460 15741
1759 13465 11585
1760 13477 15896
1761 13493 12516
1762 13494 13353
1763 13510 8183
1764 13520 6122
1765 13524 2769
1766 13535 2528
1767 13535 8255
1768 13551 7536
1769 13553 6375
1770 13557 5729
1771 13564 6634
1772 13566 12511
1773 13569 1741
1774 13571 10412
1775 13577 9186
1776 13579 10103
1777 13601 2160
1778 13603 8633
1779 13608 9086
1780 13620 12918
1781 13622 2036
1782 13625 12582
1783 13631 2741
1784 13642 11209
1785 13650 366
1786 13651 7997
1787 13666 6228
1788 13666 7495
1789 13673 9382
1790 13686 14614
1791 13713 7255
1792 13728 15090
1793 13730 14454
1794 13733 12099
1795 13749 14646
1796 13807 2886
1797 13822 16342
1798 13829 950
1799 13837 1780
1800 13838 15834
1801 13844 94
1802 13846 2082
1803 13852 15535
1804 13856 12293
1805 13880 7469
1806 13883 7629
1807 13900 11044
1808 13906 15132
1809 13916 13685
1810 13926 10882
1811 13935 6088
1812 13949 11343
1813 13950 4685
1814 13952 16118
1815 13956 6123
1816 13968 9677
1817 13981 7057
1818 13983 826
1819 14000 2061
1820 14021 7607
1821 14028 651
1822 14041 11250
1823 14047 4074
1824 14057 11496
1825 14067 11585
1826 14081 3823
1827 14085 16178
1828 14091 11301
1829 14095 12661
1830 14097 5978
1831 14101 2753
1832 14116 10263
1833 14131 2018
1834 14133 7973
1835 14158 7165
1836 14162 5032
1837 14172 13233
1838 14177 5276
1839 14183 6704
1840 14190 15516
1841 14193 13096
1842 14200 14308
1843 14203 12689
1844 14225 11646
1845 14229 6976
1846 14231 5684
1847 14236 11874
1848 14240 369
1849 14251 15562
1850 14258 9257
1851 14260 12451
1852 14268 10924
1853 14270 13412
1854 14289 1979
1855 14297 9751
1856 14301 5041
1857 14310 7689
1858 14315 6442
1859 14341 8387
1860 14342 13707
1861 14344 4561
1862 14350 14460
1863 14355 249
1864 14373 5349
1865 14382 8355
1866 14387 12351
1867 14392 5972
1868 14392 11281
1869 14393 6046
1870 14398 13280
1871 14398 15471
1872 14400 6609
1873 14421 6408
1874 14422 13273
1875 14425 6547
1876 14440 5504
1877 14442 13651
1878 14452 11547
1879 14470 14003
1880 14474 14037
1881 14496 14526
1882 14503 3738
1883 14518 4727
1884 14529 5540
1885 14531 10649
1886 14541 14139
1887 14551 8364
1888 14553 1462
1889 14558 10354
1890 14558 16277
1891 14569 6101
1892 14572 13135
1893 14587 2783
1894 14613 16330
1895 14617 13817
1896 14637 9240
1897 14651 6083
1898 14666 6262
1899 14668 14427
1900 14669 14397
1901 14676 4984
1902 14696 2069
1903 14702 12777
1904 14709 10628
1905 14710 1211
1906 14721 3263
1907 14721 4134
1908 14723 8688
1909 14725 13317
1910 14741 6592
1911 14741 7874
1912 14753 9881
1913 14765 1258
1914 14773 11856
1915 14782 15293
1916 14786 3924
1917 14789 2245
1918 14793 1140
1919 14798 14875
1920 14802 7730
1921 14805 10587
1922 14814 7474
1923 14821 13151
1924 14832 2516
1925 14836 3879
1926 14836 10592
1927 14841 4372
1928 14853 8541
1929 14877 7755
1930 14877 8143
1931 14890 14877
1932 14892 3165
1933 14899 229
1934 14900 1758
1935 14926 13073
1936 14927 5049
1937 14942 85
1938 14952 13522
1939 14957 5901
1940 14970 15680
1941 14974 174
1942 14976 9999
1943 15014 3736
1944 15019 9804
1945 15044 12346
1946 15045 3964
1947 15045 7553
1948 15049 233
1949 15049 3392
1950 15054 8470
1951 15075 14880
1952 15080 2518
1953 15083 4001
1954 15104 4518
1955 15113 9500
1956 15118 9953
1957 15134 7848
1958 15134 8218
1959 15139 3245
1960 15139 6897
1961 15144 7173
1962 15147 14610
1963 15149 13982
1964 15158 11664
1965 15160 3147
1966 15164 5443
1967 15168 4594
1968 15177 16381
1969 15183 8291
1970 15186 8839
1971 15189 7398
1972 15219 5634
1973 15229 7591
1974 15232 5856
1975 15233 15339
1976 15237 12146
1977 15251 7558
1978 15251 15007
1979 15255 16066
1980 15256 14929
1981 15263 2835
1982 15274 7452
1983 15283 2942
1984 15303 11733
1985 15309 9445
1986 15322 198
1987 15336 6827
1988 15347 2227
1989 15351 6165
1990 15361 5361
1991 15365 10211
1992 15368 13386
1993 15380 12635
1994 15390 5533
1995 15427 9517
1996 15430 6139
1997 15432 15867
1998 15433 15321
1999 15439 3756
2000 15447 15402
2001 15449 7212
2002 15451 16303
2003 15466 12714
2004 15474 7095
2005 15474 15318
2006 15475 5747
2007 15476 7173
2008 15476 7444
2009 15476 11820
2010 15478 8352
2011 15492 12414
2012 15505 12622
2013 15514 15599
2014 15519 1647
2015 15522 8620
2016 15528 12670
2017 15530 14869
2018 15545 2345
2019 15557 1302
2020 15575 313
2021 15577 8844
2022 15578 12677
2023 15592 372
2024 15609 5485
2025 15614 2180
2026 15618 13317
2027 15628 4646
2028 15636 12060
2029 15637 4596
2030 15639 11098
2031 15643 1231
2032 15652 16042
2033 15661 1712
2034 15661 9522
2035 15664 4547
2036 15676 7314
2037 15683 5914
2038 15686 5008
2039 15688 3510
2040 15692 6900
2041 15696 11796
2042 15709 1020
2043 15712 14129
2044 15719 12889
2045 15726 6555
2046 15727 1142
2047 15727 8933
2048 15728 10225
2049 15731 4903
2050 15748 1025
2051 15755 9941
2052 15766 6154
2053 15777 30
2054 15783 645
2055 15785 5842
2056 15785 6894
2057 15813 15716
2058 15822 9989
2059 15827 12723
2060 15832 2251
2061 15835 15733
2062 15838 4000
2063 15839 8645
2064 15841 13579
2065 15845 11331
2066 15853 10404
2067 15856 16400
2068 15858 7916
2069 15863 12745
2070 15863 13561
2071 15867 10264
2072 15868 13507
2073 15868 13840
2074 15878 9634
2075 15889 2175
2076 15914 5967
2077 15928 7856
2078 15932 5525
2079 15937 363
2080 15943 8286
2081 15946 2630
2082 15954 5060
2083 15957 16392
2084 15964 6618
2085 15981 4885
2086 15982 3508
2087 15993 608
2088 16010 3554
2089 16023 6932
2090 16043 14184
2091 16047 5248
2092 16074 3299
2093 16087 3873
2094 16092 5762
2095 16095 6795
2096 16095 7148
2097 16107 12055
2098 16120 1710
2099 16123 6137
2100 16124 6927
2101 16130 15355
2102 16152 11361
2103 16157 14365
2104 16160 10739
2105 16186 8691
2106 16191 1130
2107 16200 15882
2108 16206 13041
2109 16210 957
2110 16221 2407
2111 16228 14184
2112 16240 14225
2113 16277 13391
2114 16286 3521
2115 16286 11061
2116 16308 2265
2117 16308 5774
2118 16310 5994
2119 16311 4949
2120 16314 15921
2121 16315 8812
2122 16335 1151
2123 16343 16360
2124 16350 14402
2125 16354 15062
2126 16357 59
2127 16357 4257
2128 16366 11931
2129 16375 8269
2130 16384 8877
2131 16389 5767
2132 16410 9003
2133 16426 3942
2134 16426 14162
2135 16431 9501
2136 16444 13290
2137 16445 15084
2138 16446 8956
2139 16447 7668
2140 16448 9883
2141 16461 10602
2142 16466 16081
2143 16469 11031
2144 16491 4738
2145 16498 11787
2146 16502 5158