0 65 395
1 1 141
2 5 310
3 10 213
4 11 106
5 11 165
6 12 27
7 22 16
8 24 234
9 51 317
10 68 183
11 85 151
12 86 40
13 89 11
14 99 8
15 108 307
16 129 22
17 132 343
18 135 259
19 142 246
20 152 112
21 152 197
22 152 357
23 171 200
24 173 219
25 176 349
26 182 178
27 190 180
28 193 176
29 207 297
30 215 35
31 219 253
32 220 184
33 226 19
34 228 28
35 232 66
36 236 111
37 236 216
38 245 110
39 254 159
40 260 266
41 275 336
42 284 119
43 292 175
44 299 33
45 300 182
46 301 122
47 305 236
48 314 75
49 317 14
50 319 270
51 319 337
52 320 289
53 322 43
54 324 78
55 329 347
56 334 96
57 338 305
58 360 209
59 362 361
60 373 66
61 373 89
62 382 224
63 390 103
64 390 146
65 392 129