0 531 3711
1 1 1270
2 4 3647
3 12 2189
4 29 1156
5 33 751
6 37 2112
7 48 1842
8 52 723
9 52 1205
10 57 1340
11 64 2563
12 64 2690
13 89 3357
14 119 517
15 125 795
16 134 3560
17 136 2176
18 148 208
19 174 2882
20 178 3303
21 183 923
22 189 2554
23 197 1627
24 204 1875
25 207 116
26 216 1651
27 216 2208
28 217 3235
29 219 400
30 221 443
31 221 482
32 221 3414
33 225 2260
34 230 3616
35 237 312
36 242 619
37 247 2155
38 253 1404
39 253 3180
40 255 135
41 281 2565
42 282 2915
43 287 1348
44 296 88
45 313 2013
46 314 2739
47 317 579
48 326 604
49 333 3700
50 335 3146
51 337 3616
52 349 954
53 354 3668
54 362 2237
55 365 3369
56 371 2130
57 382 1261
58 386 2341
59 402 3085
60 408 940
61 409 2346
62 410 636
63 413 2281
64 420 421
65 425 2634
66 430 2756
67 431 358
68 432 2081
69 443 3243
70 455 733
71 471 1729
72 493 1881
73 495 1204
74 496 3671
75 498 3704
76 502 1871
77 510 3149
78 525 970
79 534 1568
80 536 3417
81 537 953
82 542 314
83 554 212
84 556 575
85 559 634
86 564 475
87 565 2595
88 573 282
89 580 2977
90 585 1865
91 596 2398
92 604 729
93 606 1845
94 606 3212
95 609 1004
96 612 1928
97 618 1162
98 640 914
99 642 3001
100 644 2279
101 645 2973
102 647 751
103 651 2660
104 651 2999
105 659 3675
106 661 1572
107 662 1715
108 677 1272
109 684 2700
110 687 416
111 697 2031
112 706 2140
113 745 1168
114 766 2523
115 767 485
116 775 423
117 787 2553
118 795 3362
119 796 1943
120 796 2417
121 796 2864
122 805 3096
123 808 391
124 813 1946
125 815 1891
126 817 3503
127 818 1205
128 848 2584
129 853 2115
130 855 1674
131 863 2675
132 865 1291
133 865 3390
134 871 1147
135 888 456
136 889 2277
137 890 86
138 897 3458
139 899 2841
140 900 1897
141 903 700
142 914 2671
143 926 3316
144 928 559
145 941 1477
146 959 1640
147 959 2680
148 959 2995
149 965 2872
150 967 1791
151 975 1063
152 978 2687
153 980 154
154 989 1252
155 990 2647
156 992 2242
157 1005 1415
158 1010 155
159 1011 2283
160 1032 1462
161 1045 464
162 1045 3375
163 1047 1999
164 1049 718
165 1050 1092
166 1060 914
167 1073 2441
168 1080 1233
169 1092 2818
170 1093 2194
171 1095 2333
172 1101 1516
173 1119 2024
174 1120 904
175 1124 3136
176 1125 1728
177 1138 521
178 1138 1032
179 1144 3422
180 1146 1260
181 1146 1367
182 1167 701
183 1169 830
184 1170 3255
185 1171 1888
186 1185 20
187 1197 1665
188 1201 2040
189 1202 1125
190 1209 1569
191 1224 832
192 1224 1810
193 1239 554
194 1240 261
195 1242 807
196 1249 15
197 1255 824
198 1262 2577
199 1263 1087
200 1278 2801
201 1280 2694
202 1295 2166
203 1310 1886
204 1315 1684
205 1322 406
206 1333 2353
207 1342 1711
208 1344 1488
209 1364 1968
210 1369 2858
211 1381 1619
212 1386 3285
213 1390 1724
214 1403 1348
215 1418 2610
216 1423 1590
217 1425 2097
218 1426 1899
219 1429 3280
220 1435 1684
221 1448 1082
222 1477 2184
223 1478 61
224 1480 3602
225 1482 1384
226 1490 3436
227 1500 2982
228 1528 2994
229 1539 2691
230 1553 3506
231 1565 144
232 1566 2034
233 1570 1682
234 1574 3097
235 1578 1552
236 1582 2256
237 1595 779
238 1632 1798
239 1637 757
240 1638 2960
241 1639 2375
242 1659 912
243 1662 2081
244 1667 2007
245 1684 1770
246 1694 83
247 1694 3402
248 1709 554
249 1711 1093
250 1722 2556
251 1729 1863
252 1743 1608
253 1746 948
254 1746 2482
255 1748 1636
256 1754 3088
257 1759 3247
258 1767 607
259 1769 3692
260 1772 2588
261 1773 1828
262 1778 456
263 1779 1305
264 1784 232
265 1786 2115
266 1788 1969
267 1794 249
268 1794 2508
269 1798 746
270 1816 124
271 1819 513
272 1842 2588
273 1849 3418
274 1855 84
275 1855 1660
276 1865 1865
277 1869 519
278 1883 3058
279 1885 1017
280 1901 2743
281 1903 1324
282 1905 1038
283 1911 977
284 1919 3279
285 1941 3214
286 1944 3703
287 1946 1807
288 1947 555
289 1959 3240
290 1967 88
291 1984 630
292 1985 2206
293 2009 2264
294 2012 2928
295 2018 3135
296 2027 1761
297 2037 2974
298 2038 3523
299 2075 2722
300 2077 3291
301 2079 2220
302 2094 401
303 2106 2688
304 2116 2462
305 2139 2713
306 2139 2965
307 2141 325
308 2146 1657
309 2153 2804
310 2162 1339
311 2166 3139
312 2172 2021
313 2178 3122
314 2182 1882
315 2194 1250
316 2221 1272
317 2233 497
318 2233 2324
319 2242 1446
320 2245 1826
321 2255 1132
322 2269 969
323 2269 2444
324 2271 1378
325 2272 1
326 2273 2397
327 2274 2716
328 2278 945
329 2279 1473
330 2300 1517
331 2301 714
332 2309 3180
333 2311 1860
334 2319 3013
335 2320 1510
336 2323 194
337 2324 2770
338 2329 1514
339 2334 2331
340 2349 2124
341 2357 3638
342 2361 269
343 2362 1145
344 2378 3600
345 2383 1867
346 2395 657
347 2402 406
348 2409 540
349 2411 1570
350 2413 742
351 2414 422
352 2416 1338
353 2418 2628
354 2450 1780
355 2451 1179
356 2453 1915
357 2458 805
358 2459 2406
359 2468 204
360 2472 1296
361 2477 1351
362 2479 105
363 2484 581
364 2505 1409
365 2507 784
366 2510 177
367 2528 2005
368 2532 315
369 2538 52
370 2556 1071
371 2558 95
372 2563 3349
373 2567 1235
374 2570 951
375 2571 2839
376 2572 2295
377 2581 848
378 2581 1867
379 2582 2405
380 2582 2613
381 2597 2207
382 2602 2264
383 2611 236
384 2631 744
385 2633 3590
386 2652 804
387 2653 1523
388 2654 2954
389 2664 2429
390 2680 3521
391 2684 3710
392 2695 95
393 2697 1475
394 2724 257
395 2746 2785
396 2750 3060
397 2762 36
398 2763 411
399 2765 2342
400 2773 1597
401 2781 501
402 2790 850
403 2797 619
404 2815 2202
405 2822 602
406 2828 459
407 2828 2089
408 2840 521
409 2850 834
410 2853 818
411 2858 200
412 2863 1012
413 2864 3548
414 2868 1681
415 2886 1009
416 2894 2169
417 2907 127
418 2909 1186
419 2922 2623
420 2931 1239
421 2950 251
422 2956 1968
423 2967 2586
424 2970 612
425 2974 1095
426 2995 267
427 2997 361
428 2997 2739
429 3016 529
430 3030 2828
431 3045 2608
432 3051 2859
433 3052 831
434 3064 2460
435 3068 1828
436 3096 3179
437 3118 896
438 3120 976
439 3120 2041
440 3127 1758
441 3136 1002
442 3142 2556
443 3151 2719
444 3153 3412
445 3166 1936
446 3180 196
447 3187 2753
448 3191 1184
449 3199 2942
450 3200 77
451 3200 364
452 3215 1568
453 3219 3613
454 3229 3576
455 3235 504
456 3235 2461
457 3237 2673
458 3242 441
459 3245 39
460 3245 768
461 3251 3169
462 3254 2022
463 3258 1870
464 3261 3195
465 3262 1454
466 3272 3159
467 3274 3336
468 3277 2593
469 3279 2772
470 3291 3295
471 3293 2749
472 3303 2262
473 3307 804
474 3309 1503
475 3318 1700
476 3329 1454
477 3331 702
478 3331 1467
479 3333 2124
480 3340 189
481 3341 2366
482 3342 3257
483 3353 878
484 3354 1359
485 3355 190
486 3355 2537
487 3383 3366
488 3390 135
489 3396 74
490 3399 1734
491 3407 2814
492 3431 133
493 3433 3411
494 3458 3621
495 3472 1992
496 3474 3436
497 3487 269
498 3491 2529
499 3494 2408
500 3515 6
501 3524 2863
502 3532 3603
503 3535 366
504 3538 2354
505 3547 531
506 3548 2119
507 3555 65
508 3558 3149
509 3559 1938
510 3562 2502
511 3583 1297
512 3583 1611
513 3584 2251
514 3585 630
515 3598 3401
516 3603 769
517 3613 2743
518 3619 1681
519 3631 1413
520 3633 201
521 3634 624
522 3634 911
523 3642 1073
524 3643 2982
525 3649 1722
526 3651 939
527 3663 2434
528 3678 2134
529 3690 3034
530 3696 3620
531 3709 2783