0 1514 11365
1 6 6236
2 26 4712
3 30 5577
4 52 9500
5 65 8350
6 71 10482
7 72 4884
8 84 1732
9 92 1572
10 109 8399
11 110 10163
12 119 7843
13 145 4932
14 153 8214
15 163 4299
16 167 2265
17 168 1478
18 174 6057
19 183 5246
20 190 3356
21 199 9785
22 203 5208
23 210 10282
24 213 252
25 226 10952
26 230 9388
27 243 2704
28 246 275
29 252 2934
30 252 5179
31 254 6936
32 270 6261
33 274 7189
34 275 1236
35 285 8857
36 297 5263
37 304 9536
38 311 2215
39 311 7724
40 319 3027
41 332 1284
42 346 1320
43 346 2445
44 359 467
45 369 429
46 370 7098
47 373 5747
48 378 5193
49 383 5422
50 384 1397
51 391 5030
52 409 6898
53 428 6044
54 430 10656
55 436 6275
56 459 7100
57 467 4148
58 487 2667
59 498 6440
60 512 8576
61 514 1743
62 551 10653
63 563 5920
64 568 2627
65 569 6403
66 595 245
67 605 5508
68 606 8000
69 610 419
70 612 5833
71 626 8521
72 633 5044
73 636 2391
74 641 3925
75 642 3714
76 645 5957
77 646 2
78 650 2966
79 669 2316
80 669 2947
81 672 1547
82 672 6898
83 672 9766
84 675 286
85 680 2351
86 685 2852
87 700 5378
88 710 1251
89 718 2865
90 722 438
91 722 3424
92 736 5718
93 742 6621
94 755 5369
95 773 8041
96 783 3997
97 786 240
98 789 7370
99 796 1816
100 797 1509
101 802 3707
102 805 3104
103 808 11348
104 827 3654
105 845 1356
106 853 2933
107 859 4797
108 868 4060
109 872 2103
110 873 10356
111 873 10996
112 876 4384
113 882 7602
114 896 4680
115 897 224
116 916 7139
117 937 3009
118 948 4998
119 951 10654
120 952 8936
121 953 3456
122 962 1370
123 966 4507
124 966 7456
125 968 7745
126 971 542
127 990 1864
128 990 7450
129 995 9209
130 997 1030
131 999 2928
132 1001 294
133 1003 9079
134 1009 2064
135 1023 7941
136 1040 4708
137 1058 9420
138 1061 4974
139 1064 11205
140 1065 4778
141 1090 1685
142 1090 4411
143 1095 1640
144 1108 8396
145 1110 8734
146 1111 4751
147 1128 2918
148 1128 3300
149 1146 9582
150 1151 4596
151 1167 3351
152 1175 10390
153 1179 5255
154 1199 2469
155 1199 10727
156 1200 9923
157 1208 5041
158 1223 8146
159 1225 8601
160 1226 5418
161 1236 5815
162 1237 10579
163 1238 7712
164 1239 3674
165 1247 7003
166 1268 2095
167 1270 6974
168 1272 3199
169 1277 1450
170 1285 3765
171 1291 11338
172 1295 335
173 1300 806
174 1303 2933
175 1310 3790
176 1314 6018
177 1314 9571
178 1317 10563
179 1329 11132
180 1332 8803
181 1336 11072
182 1337 2180
183 1342 1168
184 1359 6361
185 1365 8873
186 1369 3721
187 1385 2184
188 1390 1646
189 1418 8461
190 1418 10837
191 1421 5832
192 1435 6160
193 1438 5516
194 1447 5709
195 1466 4420
196 1466 9754
197 1473 7290
198 1478 499
199 1478 10187
200 1479 10422
201 1481 10669
202 1484 5796
203 1501 3481
204 1503 5987
205 1506 8574
206 1517 11132
207 1521 8696
208 1536 6049
209 1537 7439
210 1542 8085
211 1552 78
212 1557 5447
213 1575 9296
214 1578 10880
215 1583 903
216 1586 6792
217 1589 9599
218 1600 2014
219 1602 10674
220 1618 4355
221 1627 6480
222 1628 1772
223 1640 9671
224 1653 10000
225 1664 2780
226 1688 5613
227 1701 6654
228 1716 3885
229 1733 1646
230 1737 7449
231 1739 516
232 1741 6422
233 1745 9569
234 1767 5815
235 1767 9013
236 1771 4546
237 1771 6602
238 1791 5735
239 1800 463
240 1814 3602
241 1818 2683
242 1818 4115
243 1821 10729
244 1826 9337
245 1827 3075
246 1827 9548
247 1837 5634
248 1843 1890
249 1851 948
250 1866 1073
251 1871 482
252 1871 1189
253 1879 4440
254 1880 3893
255 1895 8995
256 1895 11106
257 1898 6441
258 1900 5096
259 1907 4481
260 1913 3245
261 1933 9903
262 1938 5227
263 1943 7380
264 1951 4671
265 1955 4168
266 1973 11018
267 1977 3866
268 1982 5336
269 1984 1966
270 1984 4529
271 1985 9525
272 1994 2672
273 2000 6118
274 2002 4971
275 2010 6417
276 2014 9713
277 2017 5295
278 2026 7193
279 2027 4466
280 2036 2588
281 2069 9204
282 2070 122
283 2082 7050
284 2085 9102
285 2090 5898
286 2109 6017
287 2125 607
288 2131 5944
289 2137 1503
290 2138 10647
291 2141 7223
292 2150 1342
293 2160 6420
294 2160 9837
295 2164 6611
296 2172 2124
297 2175 7165
298 2177 6191
299 2178 5049
300 2179 2901
301 2185 9223
302 2189 2741
303 2189 4985
304 2207 8227
305 2210 5471
306 2213 3023
307 2215 9805
308 2216 3874
309 2220 227
310 2221 8010
311 2244 2345
312 2261 9220
313 2268 1850
314 2274 6721
315 2279 2635
316 2289 622
317 2290 8296
318 2291 1646
319 2291 11343
320 2301 2613
321 2302 4026
322 2304 3435
323 2317 96
324 2330 3417
325 2334 4561
326 2343 11090
327 2344 9854
328 2353 4054
329 2353 6918
330 2364 4459
331 2372 8447
332 2378 3280
333 2380 3698
334 2403 8194
335 2412 5313
336 2416 6463
337 2425 6330
338 2433 9659
339 2442 3981
340 2450 163
341 2452 8055
342 2455 476
343 2462 9888
344 2463 9249
345 2466 8941
346 2467 7264
347 2479 7929
348 2483 3426
349 2484 4910
350 2495 8863
351 2504 3552
352 2510 948
353 2510 2013
354 2516 7306
355 2518 3273
356 2536 6035
357 2546 9510
358 2551 5656
359 2571 2500
360 2587 10043
361 2588 2492
362 2593 1604
363 2614 6698
364 2621 3969
365 2636 9375
366 2664 9842
367 2665 10610
368 2673 4732
369 2680 2901
370 2685 6328
371 2688 2885
372 2699 7869
373 2749 8082
374 2767 6199
375 2781 4389
376 2787 10809
377 2797 3388
378 2851 1623
379 2857 8776
380 2858 5916
381 2866 5351
382 2866 9968
383 2868 8870
384 2881 2888
385 2894 8480
386 2908 10015
387 2934 5849
388 2934 8363
389 2950 8272
390 2960 2175
391 2961 1712
392 2963 7231
393 2974 8462
394 2979 2266
395 2987 2450
396 2990 4050
397 2993 132
398 2997 11023
399 3003 6060
400 3006 6079
401 3013 6611
402 3031 2793
403 3031 10159
404 3037 10877
405 3041 4038
406 3042 9575
407 3060 5405
408 3071 8444
409 3073 2703
410 3075 6663
411 3079 2320
412 3081 11292
413 3087 1263
414 3095 213
415 3097 458
416 3098 6836
417 3106 5836
418 3110 6649
419 3111 5633
420 3117 1061
421 3125 9758
422 3135 1935
423 3143 435
424 3152 725
425 3156 5593
426 3163 8130
427 3169 2247
428 3170 4138
429 3181 7531
430 3184 10691
431 3186 5403
432 3191 9695
433 3203 83
434 3206 8880
435 3216 1987
436 3226 7234
437 3273 1952
438 3278 688
439 3280 10651
440 3285 5901
441 3290 2446
442 3303 8289
443 3311 899
444 3313 4321
445 3316 741
446 3325 7123
447 3326 7500
448 3327 6427
449 3346 5951
450 3352 1566
451 3356 6889
452 3362 1445
453 3365 1945
454 3367 8275
455 3367 10115
456 3391 4170
457 3394 4927
458 3395 7275
459 3397 8136
460 3406 6940
461 3409 8857
462 3412 1000
463 3418 9597
464 3422 7071
465 3443 9731
466 3447 6466
467 3448 5230
468 3448 8118
469 3474 11151
470 3506 9646
471 3515 10407
472 3516 672
473 3517 3420
474 3519 6499
475 3533 10769
476 3534 11269
477 3542 10614
478 3576 8252
479 3585 7816
480 3590 9842
481 3593 7987
482 3596 2456
483 3598 3750
484 3622 11061
485 3629 6474
486 3636 10902
487 3641 9258
488 3649 7143
489 3650 6888
490 3655 6406
491 3664 3228
492 3667 11221
493 3676 4285
494 3681 10680
495 3684 1418
496 3690 10080
497 3699 1026
498 3709 11164
499 3735 1599
500 3742 4619
501 3757 5640
502 3758 1548
503 3761 6778
504 3778 3911
505 3800 10983
506 3803 5791
507 3804 3415
508 3809 10367
509 3815 5923
510 3816 2184
511 3827 9212
512 3828 8220
513 3832 10504
514 3834 8222
515 3844 10799
516 3850 1641
517 3851 1556
518 3862 7039
519 3870 2661
520 3891 6770
521 3897 5396
522 3909 1981
523 3910 10269
524 3911 9836
525 3929 3209
526 3937 4125
527 3950 1792
528 3967 3945
529 3969 4717
530 3986 6773
531 3995 2894
532 4010 7251
533 4015 682
534 4017 8111
535 4019 3126
536 4038 2138
537 4042 9775
538 4049 6536
539 4056 7815
540 4069 1661
541 4071 3320
542 4074 8174
543 4082 6455
544 4084 5925
545 4095 3579
546 4097 9421
547 4098 8025
548 4109 2101
549 4110 6156
550 4111 7014
551 4112 3420
552 4112 6587
553 4117 10919
554 4125 4644
555 4136 10225
556 4148 7531
557 4148 11039
558 4149 10400
559 4152 4410
560 4162 2099
561 4167 7467
562 4169 9681
563 4181 9122
564 4184 5468
565 4190 5992
566 4191 2328
567 4200 1945
568 4203 7080
569 4219 6808
570 4235 1565
571 4249 10508
572 4259 10121
573 4261 8083
574 4263 2102
575 4275 3290
576 4283 1652
577 4284 2315
578 4285 5442
579 4296 4895
580 4300 9693
581 4308 5742
582 4317 5829
583 4320 2097
584 4325 623
585 4327 1675
586 4331 1582
587 4332 11309
588 4348 2629
589 4369 10544
590 4376 8305
591 4377 8314
592 4380 10739
593 4381 6469
594 4381 7367
595 4386 4914
596 4386 7271
597 4390 11232
598 4401 9063
599 4405 6746
600 4429 10162
601 4460 3820
602 4477 4936
603 4482 805
604 4484 9756
605 4504 9479
606 4516 7177
607 4524 5271
608 4554 5864
609 4566 1640
610 4570 2980
611 4576 1675
612 4577 4444
613 4583 2808
614 4596 6871
615 4602 4440
616 4604 2638
617 4606 4410
618 4606 7018
619 4610 2877
620 4613 10308
621 4622 2806
622 4628 5674
623 4643 3365
624 4648 6320
625 4651 7170
626 4661 1178
627 4666 7371
628 4668 10399
629 4671 11033
630 4675 8149
631 4685 1529
632 4688 4049
633 4693 9684
634 4693 10180
635 4695 10041
636 4703 3081
637 4709 2204
638 4710 10423
639 4716 7584
640 4719 4696
641 4724 2904
642 4739 4346
643 4742 1010
644 4747 10233
645 4747 11072
646 4750 1333
647 4754 10494
648 4759 7388
649 4765 6406
650 4768 6292
651 4770 235
652 4776 10908
653 4784 1192
654 4784 6617
655 4785 1474
656 4788 5267
657 4797 7217
658 4799 5439
659 4800 6904
660 4815 8942
661 4822 10548
662 4832 3702
663 4848 947
664 4853 2499
665 4853 6417
666 4881 9465
667 4882 8963
668 4886 4619
669 4887 5430
670 4900 446
671 4901 1687
672 4920 2481
673 4930 6894
674 4935 2788
675 4946 8445
676 4961 4313
677 4973 4054
678 4975 7578
679 4978 6831
680 4983 1433
681 4987 11179
682 4994 2802
683 4995 2191
684 5001 666
685 5012 2466
686 5013 3908
687 5015 5351
688 5018 3133
689 5026 9262
690 5053 8068
691 5055 3655
692 5064 221
693 5073 8608
694 5076 9438
695 5088 10184
696 5095 10296
697 5098 6440
698 5099 8507
699 5134 8365
700 5167 837
701 5170 9129
702 5173 1698
703 5180 10037
704 5188 6321
705 5195 5605
706 5195 8613
707 5205 9805
708 5223 3658
709 5228 10565
710 5235 331
711 5236 10904
712 5241 9671
713 5242 2880
714 5243 2106
715 5257 4232
716 5261 2559
717 5266 907
718 5268 3755
719 5272 2536
720 5279 7746
721 5280 9706
722 5295 1445
723 5305 855
724 5317 735
725 5329 10536
726 5335 2478
727 5336 508
728 5338 7783
729 5340 683
730 5340 3430
731 5346 8099
732 5362 9399
733 5364 9069
734 5365 6137
735 5370 7072
736 5386 2942
737 5388 10181
738 5389 9948
739 5391 9180
740 5402 696
741 5402 5366
742 5402 6304
743 5408 3125
744 5421 2022
745 5421 2132
746 5421 8901
747 5432 2450
748 5436 3440
749 5438 6078
750 5444 4638
751 5451 6073
752 5452 2108
753 5452 10926
754 5474 4402
755 5483 10264
756 5492 1949
757 5497 9009
758 5500 8419
759 5520 1586
760 5529 7538
761 5533 8935
762 5551 67
763 5560 11004
764 5563 6991
765 5569 10658
766 5578 10711
767 5579 8220
768 5588 765
769 5600 8873
770 5602 6774
771 5608 7271
772 5614 492
773 5615 7232
774 5617 9030
775 5619 8786
776 5622 6398
777 5631 737
778 5646 5669
779 5649 5553
780 5649 8780
781 5661 8801
782 5695 6200
783 5699 4180
784 5713 1213
785 5738 1417
786 5760 10894
787 5764 2703
788 5777 1517
789 5780 9493
790 5787 7759
791 5796 3707
792 5811 4798
793 5834 3287
794 5841 3293
795 5847 10007
796 5868 5875
797 5905 8176
798 5906 11110
799 5911 4825
800 5916 6804
801 5946 6925
802 5947 9338
803 5948 939
804 5951 3558
805 5952 10218
806 5963 2662
807 5967 7814
808 5968 712
809 5979 2919
810 5984 10231
811 5993 1923
812 5993 7698
813 5994 3546
814 6000 10720
815 6012 107
816 6019 6332
817 6031 107
818 6040 10412
819 6052 3900
820 6065 5749
821 6067 805
822 6071 4171
823 6086 7240
824 6092 5204
825 6092 11021
826 6108 10274
827 6113 10204
828 6114 2202
829 6115 10931
830 6120 1447
831 6127 7021
832 6138 6394
833 6142 10571
834 6188 9900
835 6194 4695
836 6194 10516
837 6196 2440
838 6234 7010
839 6249 8653
840 6250 7666
841 6251 6604
842 6259 10135
843 6267 3695
844 6274 4407
845 6274 7024
846 6276 7997
847 6289 469
848 6298 8419
849 6298 10134
850 6301 1548
851 6308 1006
852 6310 3331
853 6311 2084
854 6315 6700
855 6319 9378
856 6341 6708
857 6347 2318
858 6349 9097
859 6364 5615
860 6372 5961
861 6376 7960
862 6400 4798
863 6405 1204
864 6411 6178
865 6412 5966
866 6428 5016
867 6432 7411
868 6439 614
869 6447 4013
870 6454 7106
871 6474 2887
872 6480 7004
873 6485 3954
874 6497 2788
875 6501 2779
876 6509 1032
877 6528 4336
878 6528 6390
879 6533 6808
880 6549 9824
881 6553 3994
882 6560 10922
883 6563 5555
884 6570 8444
885 6575 636
886 6579 1611
887 6594 2585
888 6606 10139
889 6617 5992
890 6629 4663
891 6630 6094
892 6638 11036
893 6640 404
894 6641 2131
895 6644 7682
896 6653 7319
897 6657 165
898 6662 7997
899 6663 7886
900 6672 2691
901 6677 7566
902 6681 8179
903 6681 10104
904 6682 2999
905 6688 3442
906 6689 10750
907 6698 3455
908 6703 6336
909 6720 1843
910 6724 8320
911 6731 7963
912 6752 4059
913 6752 7629
914 6759 4147
915 6761 3013
916 6763 3786
917 6780 4204
918 6807 2409
919 6814 7643
920 6822 11239
921 6828 8914
922 6832 1821
923 6847 11263
924 6848 6305
925 6862 2685
926 6870 4176
927 6872 8739
928 6878 4941
929 6879 7558
930 6880 3935
931 6883 587
932 6886 10500
933 6905 9218
934 6907 870
935 6917 2401
936 6918 2094
937 6930 10122
938 6958 8806
939 6968 1088
940 6978 2649
941 6983 4703
942 6988 7235
943 6991 4941
944 6993 151
945 7004 1330
946 7005 2859
947 7032 10117
948 7035 6357
949 7037 8283
950 7038 6403
951 7046 949
952 7049 10922
953 7051 782
954 7052 8938
955 7055 587
956 7061 2633
957 7067 8845
958 7067 10266
959 7074 6085
960 7074 11145
961 7080 4934
962 7088 4985
963 7089 3659
964 7096 2521
965 7098 2311
966 7099 9821
967 7106 9013
968 7107 3451
969 7110 6969
970 7117 11076
971 7134 5326
972 7143 8098
973 7166 3129
974 7175 8863
975 7182 8837
976 7199 11155
977 7205 10232
978 7225 4954
979 7235 11230
980 7240 8231
981 7248 2747
982 7258 8988
983 7258 11323
984 7259 10581
985 7269 7951
986 7294 1297
987 7296 9187
988 7313 4974
989 7313 5730
990 7313 6049
991 7318 4846
992 7347 3955
993 7361 5262
994 7365 5599
995 7368 4014
996 7378 4363
997 7390 7765
998 7390 7863
999 7396 10693
1000 7397 6579
1001 7407 7315
1002 7409 4469
1003 7419 5496
1004 7437 10977
1005 7441 1782
1006 7454 3657
1007 7474 2412
1008 7478 2877
1009 7482 4677
1010 7491 11098
1011 7506 11335
1012 7519 11029
1013 7520 965
1014 7541 5518
1015 7542 901
1016 7552 2726
1017 7552 7374
1018 7555 4462
1019 7561 5859
1020 7565 2654
1021 7581 449
1022 7583 3848
1023 7588 2893
1024 7591 8435
1025 7600 49
1026 7611 10848
1027 7617 3624
1028 7631 1082
1029 7640 4021
1030 7653 7341
1031 7672 390
1032 7696 7612
1033 7713 1827
1034 7730 8066
1035 7741 2157
1036 7753 385
1037 7768 4948
1038 7776 1320
1039 7776 6559
1040 7781 6088
1041 7784 9832
1042 7792 11029
1043 7798 7602
1044 7798 7887
1045 7800 712
1046 7800 10106
1047 7807 10000
1048 7830 6428
1049 7838 4162
1050 7845 2927
1051 7848 1795
1052 7848 2867
1053 7863 8979
1054 7867 3266
1055 7871 11348
1056 7874 11293
1057 7892 4043
1058 7894 2572
1059 7916 4605
1060 7952 1253
1061 7954 4576
1062 7962 1147
1063 7964 3078
1064 7968 8335
1065 7988 760
1066 7999 874
1067 7999 8348
1068 8007 6675
1069 8020 1303
1070 8028 10433
1071 8029 5549
1072 8035 10084
1073 8038 7694
1074 8045 6418
1075 8046 1187
1076 8076 824
1077 8089 5638
1078 8093 1573
1079 8094 6026
1080 8103 1092
1081 8104 7311
1082 8108 10471
1083 8130 3165
1084 8140 400
1085 8141 10429
1086 8142 11283
1087 8150 1704
1088 8151 8473
1089 8159 9831
1090 8162 4929
1091 8164 8564
1092 8166 4803
1093 8172 1749
1094 8175 3588
1095 8183 3713
1096 8184 6012
1097 8195 8938
1098 8196 2786
1099 8199 7247
1100 8211 8262
1101 8219 11084
1102 8223 7071
1103 8252 6052
1104 8261 6841
1105 8262 642
1106 8264 9088
1107 8295 10228
1108 8299 4475
1109 8302 5302
1110 8302 6110
1111 8309 3714
1112 8311 3685
1113 8326 6855
1114 8338 10842
1115 8355 5372
1116 8363 8750
1117 8375 9380
1118 8391 10141
1119 8397 6003
1120 8404 2733
1121 8416 8156
1122 8426 10945
1123 8436 10076
1124 8439 1076
1125 8450 613
1126 8454 5861
1127 8454 10889
1128 8456 506
1129 8465 556
1130 8469 4319
1131 8470 8552
1132 8484 3831
1133 8500 3234
1134 8506 10067
1135 8507 9063
1136 8517 2541
1137 8518 6229
1138 8540 5235
1139 8567 5324
1140 8570 8368
1141 8572 1323
1142 8579 6162
1143 8580 2768
1144 8589 7239
1145 8592 1820
1146 8593 5304
1147 8603 2527
1148 8611 1326
1149 8638 5409
1150 8641 7584
1151 8649 5011
1152 8659 5253
1153 8661 9462
1154 8668 5604
1155 8682 9432
1156 8695 8002
1157 8697 917
1158 8697 9199
1159 8699 449
1160 8702 5122
1161 8712 5570
1162 8716 2416
1163 8719 9077
1164 8720 3109
1165 8723 781
1166 8726 9699
1167 8735 431
1168 8757 10408
1169 8758 4581
1170 8762 7266
1171 8767 5357
1172 8769 4173
1173 8776 4267
1174 8781 7874
1175 8784 10337
1176 8785 6319
1177 8797 10232
1178 8823 6899
1179 8830 8581
1180 8837 5636
1181 8842 4037
1182 8851 9869
1183 8853 10991
1184 8862 4347
1185 8867 4260
1186 8870 5431
1187 8870 11103
1188 8872 5981
1189 8880 3159
1190 8886 5419
1191 8890 5278
1192 8894 2732
1193 8908 5678
1194 8921 6256
1195 8924 4767
1196 8930 8684
1197 8935 9770
1198 8946 6405
1199 8951 6023
1200 8957 1952
1201 8957 6638
1202 8961 8017
1203 8968 2794
1204 8970 4542
1205 8976 4652
1206 8978 5656
1207 8982 5675
1208 9000 10588
1209 9013 3946
1210 9014 1186
1211 9018 6221
1212 9025 4656
1213 9027 1888
1214 9050 2957
1215 9051 11287
1216 9065 6322
1217 9070 4910
1218 9075 8655
1219 9092 6192
1220 9092 11037
1221 9105 10
1222 9112 6015
1223 9133 10681
1224 9141 4263
1225 9146 5069
1226 9148 7795
1227 9155 8953
1228 9159 9249
1229 9166 10774
1230 9176 704
1231 9179 10374
1232 9183 5129
1233 9199 9265
1234 9201 2825
1235 9206 1417
1236 9211 3167
1237 9211 5086
1238 9213 140
1239 9240 8203
1240 9241 8995
1241 9244 6659
1242 9250 510
1243 9250 1432
1244 9253 6891
1245 9254 4147
1246 9274 3251
1247 9275 1476
1248 9278 3476
1249 9279 2578
1250 9285 849
1251 9287 3867
1252 9288 5485
1253 9289 325
1254 9292 922
1255 9305 6816
1256 9315 951
1257 9324 9646
1258 9333 1291
1259 9336 11000
1260 9342 7383
1261 9370 593
1262 9376 2602
1263 9398 5650
1264 9400 2149
1265 9409 6181
1266 9409 9851
1267 9422 10763
1268 9439 7601
1269 9450 6713
1270 9457 7422
1271 9461 10700
1272 9462 4326
1273 9479 3741
1274 9490 3392
1275 9492 926
1276 9494 3280
1277 9495 894
1278 9503 9040
1279 9509 6512
1280 9528 8110
1281 9558 119
1282 9569 1056
1283 9572 9901
1284 9575 2495
1285 9582 665
1286 9597 4305
1287 9599 1583
1288 9637 2201
1289 9639 9483
1290 9645 5716
1291 9655 7001
1292 9656 5656
1293 9666 7556
1294 9668 6062
1295 9686 10012
1296 9700 5983
1297 9703 2806
1298 9720 2750
1299 9728 5744
1300 9729 6871
1301 9737 2376
1302 9738 4605
1303 9767 6814
1304 9780 8163
1305 9790 3316
1306 9794 7169
1307 9810 7771
1308 9814 7576
1309 9821 9951
1310 9821 10613
1311 9828 8919
1312 9860 4181
1313 9861 6432
1314 9865 7975
1315 9873 1611
1316 9891 10004
1317 9896 2431
1318 9913 5325
1319 9916 9562
1320 9924 7485
1321 9925 6612
1322 9929 10855
1323 9934 3264
1324 9958 7431
1325 9960 880
1326 9970 11008
1327 9973 2766
1328 9978 7357
1329 9984 108
1330 9990 664
1331 9992 9656
1332 9993 652
1333 9997 11028
1334 9999 623
1335 10017 10524
1336 10033 8309
1337 10034 7464
1338 10042 4183
1339 10047 2217
1340 10064 1634
1341 10099 508
1342 10120 779
1343 10121 7421
1344 10130 10709
1345 10137 5389
1346 10155 4925
1347 10159 6201
1348 10175 492
1349 10175 8712
1350 10176 562
1351 10187 7738
1352 10200 10692
1353 10208 6593
1354 10220 417
1355 10227 1491
1356 10235 3683
1357 10243 9412
1358 10248 2008
1359 10250 372
1360 10251 6919
1361 10254 3627
1362 10256 3268
1363 10256 6031
1364 10259 958
1365 10262 10268
1366 10264 1297
1367 10280 7524
1368 10286 2582
1369 10291 10817
1370 10298 11213
1371 10302 4314
1372 10304 4281
1373 10309 10223
1374 10312 32
1375 10313 1434
1376 10317 10370
1377 10320 9694
1378 10328 5077
1379 10331 7996
1380 10360 1884
1381 10360 10879
1382 10367 3636
1383 10384 11053
1384 10391 2618
1385 10400 3546
1386 10401 4334
1387 10412 493
1388 10418 3029
1389 10422 3480
1390 10422 8497
1391 10428 810
1392 10442 9369
1393 10452 8117
1394 10454 7600
1395 10456 10158
1396 10469 7454
1397 10475 10903
1398 10506 2796
1399 10506 9421
1400 10510 3883
1401 10532 286
1402 10532 10684
1403 10533 1085
1404 10533 1753
1405 10538 3925
1406 10553 697
1407 10559 1933
1408 10565 8291
1409 10596 5892
1410 10598 2957
1411 10605 2744
1412 10612 11175
1413 10615 1146
1414 10622 10743
1415 10632 437
1416 10633 1094
1417 10635 407
1418 10654 708
1419 10674 2268
1420 10675 3600
1421 10682 6391
1422 10682 9298
1423 10683 7121
1424 10684 7091
1425 10686 8170
1426 10693 590
1427 10703 751
1428 10716 10707
1429 10722 4599
1430 10723 4607
1431 10728 10917
1432 10734 4413
1433 10748 5508
1434 10750 332
1435 10762 4630
1436 10766 9845
1437 10773 220
1438 10774 4761
1439 10801 10793
1440 10811 4220
1441 10815 10308
1442 10835 9580
1443 10862 3273
1444 10868 6234
1445 10878 5759
1446 10881 111
1447 10887 6435
1448 10889 10172
1449 10905 9377
1450 10908 8927
1451 10913 72
1452 10927 9990
1453 10928 4694
1454 10935 9480
1455 10936 1028
1456 10944 6876
1457 10950 5254
1458 10954 5692
1459 10959 4480
1460 10974 9112
1461 10979 6058
1462 10990 1441
1463 10994 2647
1464 10996 3829
1465 11000 4694
1466 11000 7509
1467 11003 1073
1468 11012 5273
1469 11013 4312
1470 11018 4491
1471 11025 7474
1472 11029 10477
1473 11042 6560
1474 11050 8133
1475 11059 3275
1476 11067 8475
1477 11074 1969
1478 11100 5019
1479 11103 11225
1480 11107 9986
1481 11121 10176
1482 11141 7528
1483 11161 10227
1484 11165 5419
1485 11179 6135
1486 11180 2431
1487 11181 643
1488 11188 10283
1489 11194 3736
1490 11198 5905
1491 11206 2940
1492 11222 4386
1493 11226 1153
1494 11228 10589
1495 11238 10147
1496 11262 11147
1497 11266 1078
1498 11271 9693
1499 11272 9555
1500 11277 7398
1501 11283 5737
1502 11289 1478
1503 11290 6219
1504 11293 4415
1505 11300 3332
1506 11300 4582
1507 11300 7406
1508 11301 7706
1509 11304 182
1510 11322 10855
1511 11337 3334
1512 11349 1840
1513 11351 1590
1514 11355 9686