3 2146 16505
1 9 11530
2 14 9384
3 20 13538
4 23 11492
5 29 7371
6 33 5630
7 35 8754
8 48 4603
9 59 13750
10 75 3980
11 81 1175
12 83 15092
13 85 7387
14 86 9238
15 99 4407
16 102 12292
17 102 16394
18 103 10038
19 108 10765
20 112 9406
21 114 8433
22 122 3311
23 129 9376
24 135 8198
25 148 15201
26 149 9444
27 149 11663
28 168 10409
29 176 9150
30 183 2541
31 191 9829
32 203 4615
33 206 12919
34 208 9413
35 219 11581
36 219 13073
37 221 13061
38 232 1862
39 233 10078
40 233 12770
41 235 2925
42 235 14936
43 239 1212
44 243 13437
45 246 5421
46 258 9563
47 275 7112
48 278 4077
49 290 5461
50 293 9700
51 297 5394
52 299 9478
53 307 7282
54 343 8422
55 352 6106
56 357 7238
57 362 11148
58 382 14136
59 405 11400
60 410 9073
61 411 12433
62 411 14548
63 431 14249
64 436 264
65 441 459
66 456 13777
67 463 16323
68 465 11295
69 465 12973
70 468 4501
71 469 16156
72 473 9509
73 481 439
74 506 13823
75 508 11877
76 514 2117
77 518 12029
78 536 480
79 543 9319
80 545 14198
81 546 11808
82 547 3378
83 549 3365
84 556 16492
85 571 14700
86 574 5887
87 579 969
88 580 3637
89 596 1719
90 600 4034
91 608 8785
92 614 16494
93 616 14053
94 623 5502
95 649 6905
96 665 6292
97 696 13649
98 717 5714
99 728 9524
100 741 9300
101 745 8620
102 748 3131
103 753 4456
104 754 6191
105 760 13318
106 782 1296
107 783 3673
108 789 4489
109 795 11720
110 797 13228
111 804 686
112 809 4514
113 818 13822
114 819 9192
115 821 3786
116 828 7974
117 835 9120
118 838 9662
119 841 1213
120 852 1809
121 854 10188
122 855 14745
123 857 10949
124 862 278
125 883 6606
126 912 8418
127 916 898
128 916 5140
129 921 1829
130 921 14326
131 933 14035
132 937 7670
133 943 8645
134 948 9503
135 948 12954
136 950 13126
137 951 3309
138 997 15739
139 1000 15585
140 1011 1407
141 1026 196
142 1032 4844
143 1039 15089
144 1040 8390
145 1040 14564
146 1045 10120
147 1046 9732
148 1054 5697
149 1060 1257
150 1070 9803
151 1087 4192
152 1090 9126
153 1093 12798
154 1103 5938
155 1104 11453
156 1125 8155
157 1126 14940
158 1130 4065
159 1134 2949
160 1134 4544
161 1148 13802
162 1163 504
163 1166 973
164 1168 14956
165 1169 2011
166 1169 4491
167 1169 9315
168 1189 13913
169 1191 10211
170 1208 16086
171 1216 1878
172 1219 3112
173 1230 4532
174 1236 6913
175 1238 5282
176 1240 8825
177 1247 3509
178 1251 4428
179 1256 1509
180 1281 4558
181 1281 10163
182 1285 8467
183 1303 2063
184 1305 15804
185 1334 4832
186 1350 15477
187 1359 7361
188 1366 1208
189 1373 16025
190 1379 12406
191 1383 12030
192 1385 8081
193 1388 12854
194 1391 5907
195 1402 11800
196 1420 14991
197 1426 10400
198 1435 5998
199 1441 2815
200 1454 15558
201 1463 5227
202 1469 2917
203 1470 15871
204 1472 8667
205 1482 9161
206 1483 5976
207 1500 11093
208 1505 11476
209 1524 14119
210 1527 3088
211 1539 3870
212 1539 10758
213 1540 4594
214 1542 10363
215 1551 735
216 1558 3802
217 1560 12388
218 1570 9485
219 1589 2002
220 1590 15095
221 1596 12209
222 1597 6429
223 1607 6862
224 1608 8700
225 1626 12849
226 1639 5417
227 1648 7488
228 1659 3018
229 1660 11932
230 1666 8625
231 1668 15659
232 1675 2903
233 1676 15955
234 1712 762
235 1713 11375
236 1721 6151
237 1721 10539
238 1722 14084
239 1726 13177
240 1727 13352
241 1746 2345
242 1749 9804
243 1758 14134
244 1762 12174
245 1765 6266
246 1785 1895
247 1789 9441
248 1797 12377
249 1811 10683
250 1814 15445
251 1823 12297
252 1837 11361
253 1847 14775
254 1865 11770
255 1869 8287
256 1877 4645
257 1887 12872
258 1894 4580
259 1933 9223
260 1943 8081
261 1947 326
262 1957 16278
263 1958 15844
264 1960 675
265 1966 13735
266 1968 9433
267 1971 13611
268 1976 11140
269 1980 432
270 1983 744
271 1997 1296
272 2008 9625
273 2011 13817
274 2020 14500
275 2028 8113
276 2036 6816
277 2038 15134
278 2052 9960
279 2060 1669
280 2062 4388
281 2065 12976
282 2081 528
283 2095 15235
284 2095 15256
285 2096 15219
286 2116 9848
287 2119 3772
288 2140 15027
289 2144 9260
290 2149 15658
291 2155 12277
292 2174 6092
293 2179 6587
294 2195 4770
295 2195 12629
296 2196 13113
297 2218 8784
298 2223 14079
299 2236 11891
300 2240 3248
301 2244 2915
302 2244 4399
303 2244 16259
304 2259 6448
305 2267 6251
306 2270 14507
307 2274 9876
308 2283 7031
309 2287 10488
310 2288 14214
311 2289 5624
312 2294 8623
313 2295 9607
314 2303 10657
315 2310 2930
316 2312 6806
317 2329 1004
318 2329 2602
319 2335 11142
320 2358 2773
321 2366 8603
322 2366 12195
323 2369 304
324 2369 10517
325 2370 10200
326 2380 8382
327 2388 12765
328 2390 4434
329 2390 13066
330 2404 13517
331 2421 14832
332 2432 2873
333 2439 2732
334 2470 10303
335 2481 11574
336 2502 5844
337 2519 10887
338 2521 7784
339 2535 8938
340 2542 13557
341 2560 2400
342 2565 15248
343 2566 9083
344 2571 5819
345 2573 7089
346 2574 4789
347 2584 14713
348 2591 8705
349 2597 16224
350 2599 6634
351 2604 7098
352 2639 3354
353 2640 5586
354 2663 15093
355 2688 14516
356 2691 4575
357 2698 14627
358 2699 153
359 2709 9833
360 2716 11696
361 2724 14470
362 2744 13040
363 2748 5124
364 2754 12023
365 2755 15362
366 2763 16421
367 2773 15507
368 2775 924
369 2787 14158
370 2796 2376
371 2805 13844
372 2822 5705
373 2826 1634
374 2828 10109
375 2830 5735
376 2837 9067
377 2844 7700
378 2846 7714
379 2847 16337
380 2848 6281
381 2854 12793
382 2857 16396
383 2863 13115
384 2871 16005
385 2901 3607
386 2902 12896
387 2903 1499
388 2910 244
389 2919 902
390 2921 5606
391 2923 9464
392 2923 12493
393 2926 15412
394 2929 11045
395 2936 1354
396 2938 14659
397 2943 610
398 2950 13547
399 2951 2497
400 2952 4506
401 2954 8987
402 2957 5203
403 2957 9662
404 2958 13897
405 2973 8246
406 2979 13557
407 2980 2094
408 2983 15104
409 2998 9687
410 3000 396
411 3000 2714
412 3010 2400
413 3013 12571
414 3022 11706
415 3025 12545
416 3030 1829
417 3032 12912
418 3033 726
419 3036 12307
420 3037 230
421 3055 11696
422 3067 2505
423 3069 12620
424 3069 13776
425 3071 711
426 3086 914
427 3089 14964
428 3095 13867
429 3107 7989
430 3119 15884
431 3123 6638
432 3123 13184
433 3159 15734
434 3183 2102
435 3184 10408
436 3185 5550
437 3187 14991
438 3192 4250
439 3201 14811
440 3228 11609
441 3251 8419
442 3261 7070
443 3267 13
444 3277 15659
445 3298 14075
446 3302 13338
447 3303 13528
448 3316 1103
449 3328 14030
450 3330 7997
451 3343 7691
452 3357 14826
453 3360 10316
454 3366 1044
455 3366 13394
456 3369 11954
457 3399 5324
458 3404 16456
459 3415 3868
460 3418 8913
461 3422 6563
462 3435 10092
463 3456 5611
464 3460 3086
465 3465 1122
466 3467 4828
467 3467 7218
468 3475 520
469 3475 2881
470 3489 4352
471 3493 9963
472 3496 7108
473 3519 11668
474 3526 10577
475 3530 5017
476 3550 15831
477 3552 12649
478 3556 14506
479 3557 13973
480 3559 8848
481 3559 15335
482 3565 10050
483 3567 13747
484 3568 164
485 3570 1459
486 3573 9004
487 3576 1843
488 3583 13483
489 3595 14402
490 3609 9302
491 3621 10368
492 3622 640
493 3644 3749
494 3652 4907
495 3693 14822
496 3694 10607
497 3698 14263
498 3717 1304
499 3729 12870
500 3729 15574
501 3730 2075
502 3734 2616
503 3759 3129
504 3766 1701
505 3772 7925
506 3787 5405
507 3793 1891
508 3800 15429
509 3818 14476
510 3828 7337
511 3843 154
512 3844 14366
513 3846 6820
514 3855 14779
515 3867 634
516 3873 14008
517 3890 5393
518 3901 13816
519 3929 13944
520 3973 10495
521 3978 8999
522 3989 14305
523 3995 2102
524 4000 14192
525 4012 7719
526 4017 563
527 4027 3615
528 4043 8600
529 4044 9354
530 4048 13407
531 4049 454
532 4054 13877
533 4071 12193
534 4078 9342
535 4079 13660
536 4087 8498
537 4094 482
538 4116 5297
539 4122 6395
540 4124 10341
541 4130 13118
542 4133 6242
543 4139 9231
544 4144 6526
545 4144 7338
546 4151 11220
547 4155 5458
548 4167 5631
549 4172 8398
550 4192 28
551 4195 11438
552 4196 12254
553 4197 12737
554 4197 15196
555 4214 11306
556 4215 2542
557 4216 4565
558 4221 15564
559 4232 13341
560 4240 146
561 4247 10356
562 4251 16245
563 4269 2631
564 4275 573
565 4275 14964
566 4276 803
567 4292 11420
568 4298 10256
569 4306 7963
570 4314 4194
571 4317 10505
572 4322 11034
573 4325 6262
574 4329 15667
575 4332 15285
576 4371 12312
577 4372 5596
578 4389 137
579 4389 4828
580 4395 7330
581 4396 1069
582 4400 2413
583 4402 5051
584 4405 10015
585 4406 8299
586 4406 11563
587 4418 6973
588 4427 1495
589 4449 9997
590 4451 14165
591 4456 8564
592 4457 7868
593 4476 2462
594 4489 5699
595 4490 14893
596 4498 1769
597 4500 7805
598 4514 5373
599 4519 10666
600 4524 14664
601 4527 11192
602 4532 5539
603 4533 14373
604 4544 5714
605 4567 13234
606 4567 14793
607 4569 5041
608 4571 1245
609 4577 1230
610 4582 4584
611 4587 9520
612 4588 8572
613 4602 3182
614 4602 14390
615 4610 8150
616 4613 16323
617 4618 5353
618 4623 9892
619 4633 11009
620 4635 10110
621 4644 15069
622 4650 13034
623 4657 13129
624 4664 11891
625 4679 1837
626 4679 7130
627 4683 3313
628 4700 6026
629 4709 11082
630 4715 5686
631 4758 6620
632 4772 6190
633 4775 14673
634 4792 8084
635 4796 13034
636 4799 14467
637 4807 9338
638 4813 4459
639 4817 6964
640 4824 14829
641 4826 12504
642 4836 8276
643 4838 7701
644 4839 13478
645 4859 15872
646 4861 8276
647 4865 2126
648 4878 3624
649 4882 3804
650 4885 2447
651 4892 6196
652 4899 4225
653 4901 3000
654 4939 15849
655 4945 9571
656 4951 4112
657 4967 4503
658 4968 8511
659 4974 4001
660 4976 10578
661 5000 803
662 5004 466
663 5012 11994
664 5014 5219
665 5016 5609
666 5023 4663
667 5025 15448
668 5050 13134
669 5059 30
670 5064 4133
671 5065 12806
672 5072 11618
673 5074 9222
674 5083 9472
675 5093 1753
676 5099 5191
677 5107 12951
678 5109 2777
679 5109 7674
680 5127 14742
681 5133 8537
682 5137 6981
683 5141 5600
684 5142 11113
685 5143 4860
686 5152 15538
687 5156 6184
688 5156 8073
689 5158 2132
690 5160 15500
691 5170 11776
692 5175 302
693 5194 2514
694 5194 9925
695 5194 15273
696 5226 8767
697 5239 4198
698 5261 12596
699 5285 12918
700 5306 4093
701 5313 14647
702 5316 5463
703 5334 4738
704 5344 12326
705 5347 15646
706 5369 3540
707 5373 8655
708 5375 3590
709 5379 3144
710 5388 5908
711 5395 3292
712 5401 10388
713 5412 5517
714 5421 2644
715 5438 13692
716 5442 3933
717 5443 1656
718 5443 12186
719 5452 7069
720 5462 7927
721 5463 13203
722 5464 4055
723 5472 895
724 5495 2174
725 5512 3044
726 5514 6165
727 5531 6992
728 5535 1297
729 5536 5230
730 5538 4419
731 5543 738
732 5545 13932
733 5550 1805
734 5560 5294
735 5564 8593
736 5570 14746
737 5586 4896
738 5590 9139
739 5592 10437
740 5594 7653
741 5610 10604
742 5612 313
743 5617 1966
744 5626 1741
745 5649 2448
746 5669 5292
747 5670 9568
748 5675 1045
749 5680 9392
750 5699 10434
751 5711 3253
752 5719 6403
753 5721 7489
754 5733 12833
755 5733 15568
756 5770 14208
757 5776 12866
758 5778 9161
759 5783 424
760 5784 11077
761 5784 14189
762 5787 15774
763 5797 5800
764 5804 11164
765 5808 11651
766 5819 15901
767 5825 15331
768 5833 3071
769 5858 10205
770 5864 15915
771 5867 8610
772 5870 2288
773 5874 3711
774 5883 2095
775 5895 7827
776 5896 2179
777 5900 12322
778 5916 5637
779 5933 5572
780 5936 7979
781 5950 825
782 5954 28
783 5957 12851
784 5966 8585
785 5968 2199
786 5968 6399
787 5973 7002
788 5977 1061
789 5980 1513
790 5987 3684
791 5993 1525
792 5999 10037
793 6001 15193
794 6003 9895
795 6016 4085
796 6018 6224
797 6022 3335
798 6022 15619
799 6031 7965
800 6042 7428
801 6044 13807
802 6051 7502
803 6066 228
804 6068 2369
805 6070 15192
806 6078 7021
807 6080 5413
808 6091 6024
809 6114 13123
810 6121 10163
811 6122 6901
812 6126 12217
813 6146 10469
814 6156 15608
815 6177 10283
816 6189 5990
817 6197 8265
818 6199 2530
819 6204 14140
820 6206 13820
821 6209 9348
822 6210 7372
823 6211 9225
824 6218 719
825 6223 54
826 6233 5315
827 6234 796
828 6241 6472
829 6255 14474
830 6272 7456
831 6277 12532
832 6280 9225
833 6293 5129
834 6304 12889
835 6311 4961
836 6311 15530
837 6320 5255
838 6333 3744
839 6338 4716
840 6359 2954
841 6359 9183
842 6359 9503
843 6363 6392
844 6376 11424
845 6378 15654
846 6389 7407
847 6392 13989
848 6406 1378
849 6410 9092
850 6422 16095
851 6426 12407
852 6427 2372
853 6429 14154
854 6443 2995
855 6446 7441
856 6456 1716
857 6475 5692
858 6492 10965
859 6497 2720
860 6503 7361
861 6505 12325
862 6511 13068
863 6517 6779
864 6518 6655
865 6527 4248
866 6529 659
867 6536 10948
868 6544 7911
869 6544 12354
870 6549 11185
871 6549 15363
872 6551 13908
873 6555 11515
874 6561 13862
875 6585 3153
876 6621 9070
877 6629 1891
878 6629 10105
879 6633 13855
880 6676 3280
881 6692 14030
882 6698 12678
883 6701 2951
884 6713 9965
885 6718 14148
886 6720 14596
887 6722 14759
888 6735 62
889 6741 14871
890 6754 7256
891 6755 16484
892 6787 6331
893 6792 14515
894 6798 10652
895 6802 7043
896 6810 15876
897 6816 266
898 6825 14103
899 6845 3235
900 6847 14954
901 6854 850
902 6855 4304
903 6857 10945
904 6865 5827
905 6868 2235
906 6883 1770
907 6886 15379
908 6889 14456
909 6897 5110
910 6903 11412
911 6905 11901
912 6910 15715
913 6912 2125
914 6925 10270
915 6927 9742
916 6931 6260
917 6933 10723
918 6943 4098
919 6944 2434
920 6946 14143
921 6949 12572
922 6955 690
923 6975 513
924 6978 10315
925 6981 9589
926 6994 15178
927 6996 14712
928 7019 5756
929 7019 12531
930 7024 7275
931 7025 9597
932 7026 15684
933 7030 6973
934 7035 13011
935 7070 16387
936 7083 11820
937 7086 6534
938 7095 13843
939 7116 3402
940 7118 9253
941 7118 9492
942 7122 13760
943 7135 10720
944 7137 12144
945 7149 541
946 7160 8637
947 7162 10004
948 7165 1661
949 7171 13816
950 7176 5591
951 7194 8862
952 7197 12918
953 7199 7970
954 7220 8442
955 7222 14568
956 7253 16129
957 7258 9574
958 7267 11116
959 7276 3150
960 7277 2756
961 7279 5286
962 7280 3663
963 7284 11724
964 7293 2284
965 7293 6777
966 7296 1901
967 7296 8982
968 7303 8349
969 7306 4245
970 7313 5410
971 7313 13938
972 7316 2273
973 7328 8652
974 7330 10717
975 7335 5593
976 7335 11082
977 7338 12663
978 7341 6749
979 7373 10890
980 7380 11031
981 7382 6373
982 7385 15708
983 7395 532
984 7403 11089
985 7409 4220
986 7415 9346
987 7417 10068
988 7431 14796
989 7438 8311
990 7439 3757
991 7439 15497
992 7439 16151
993 7460 16314
994 7463 2591
995 7469 15887
996 7481 4089
997 7498 9291
998 7501 1817
999 7502 12336
1000 7509 14396
1001 7512 4719
1002 7518 10475
1003 7523 14201
1004 7524 1905
1005 7531 8619
1006 7539 7094
1007 7547 10755
1008 7557 9653
1009 7563 12475
1010 7593 16013
1011 7603 5367
1012 7607 1637
1013 7614 14309
1014 7615 13452
1015 7619 11710
1016 7627 5802
1017 7676 3562
1018 7680 11139
1019 7683 9292
1020 7691 3737
1021 7693 9045
1022 7726 4843
1023 7736 15974
1024 7737 16138
1025 7738 13232
1026 7743 13428
1027 7756 14431
1028 7757 3153
1029 7761 697
1030 7764 9982
1031 7767 4822
1032 7768 4892
1033 7786 1125
1034 7786 2578
1035 7787 4870
1036 7799 13631
1037 7810 13961
1038 7813 7904
1039 7815 13293
1040 7817 12981
1041 7826 15520
1042 7858 10860
1043 7859 2820
1044 7860 1761
1045 7864 2507
1046 7867 8120
1047 7868 15480
1048 7891 9819
1049 7896 10916
1050 7901 16279
1051 7907 9956
1052 7907 12700
1053 7928 2239
1054 7930 9175
1055 7934 6206
1056 7937 377
1057 7976 5279
1058 7976 15947
1059 7989 5528
1060 7993 12298
1061 7994 1839
1062 8000 2482
1063 8000 12748
1064 8001 540
1065 8001 8028
1066 8004 13941
1067 8013 7076
1068 8027 15609
1069 8030 15974
1070 8037 10751
1071 8053 6539
1072 8058 5193
1073 8061 4319
1074 8069 9348
1075 8083 14893
1076 8086 866
1077 8092 9879
1078 8103 12458
1079 8105 13692
1080 8105 15043
1081 8128 15985
1082 8130 2505
1083 8138 5702
1084 8157 4701
1085 8168 8674
1086 8168 10000
1087 8177 11660
1088 8187 2999
1089 8187 10545
1090 8201 2762
1091 8217 336
1092 8234 10731
1093 8235 5817
1094 8243 15885
1095 8253 8508
1096 8257 16376
1097 8282 10630
1098 8291 5358
1099 8295 12540
1100 8302 868
1101 8306 12238
1102 8314 14930
1103 8327 12278
1104 8335 7930
1105 8336 1397
1106 8339 14098
1107 8340 12223
1108 8350 13357
1109 8360 6927
1110 8370 12119
1111 8377 5031
1112 8391 6734
1113 8393 4133
1114 8398 9548
1115 8408 8720
1116 8412 10663
1117 8417 4030
1118 8422 11683
1119 8430 7095
1120 8431 1564
1121 8431 3777
1122 8435 15975
1123 8453 16074
1124 8466 1414
1125 8466 4515
1126 8483 13010
1127 8492 15915
1128 8505 7195
1129 8530 14402
1130 8531 9186
1131 8534 2097
1132 8537 9703
1133 8539 7727
1134 8541 14772
1135 8554 9939
1136 8556 1616
1137 8560 15343
1138 8561 1072
1139 8565 493
1140 8566 7184
1141 8584 4829
1142 8588 7084
1143 8594 9716
1144 8600 2793
1145 8603 13218
1146 8605 7980
1147 8647 7839
1148 8654 7200
1149 8659 6266
1150 8664 1877
1151 8665 1450
1152 8673 5345
1153 8673 9072
1154 8682 6442
1155 8687 13966
1156 8689 15909
1157 8693 4160
1158 8699 2872
1159 8700 438
1160 8710 8504
1161 8714 1620
1162 8716 7976
1163 8716 11225
1164 8719 12734
1165 8722 954
1166 8735 5540
1167 8741 8926
1168 8742 6148
1169 8748 7516
1170 8750 9549
1171 8754 11252
1172 8775 13256
1173 8797 16038
1174 8821 6857
1175 8845 4181
1176 8845 10359
1177 8850 8068
1178 8869 16236
1179 8872 15506
1180 8874 4514
1181 8886 10396
1182 8894 8275
1183 8896 4520
1184 8904 2923
1185 8917 10860
1186 8930 8686
1187 8934 16284
1188 8938 6587
1189 8944 13019
1190 8945 11862
1191 8949 11276
1192 8955 3498
1193 8960 13355
1194 8961 5874
1195 8965 4868
1196 8974 13715
1197 8985 3863
1198 8988 6916
1199 8991 14371
1200 8994 1959
1201 9011 11839
1202 9027 2303
1203 9035 6283
1204 9047 9716
1205 9049 14054
1206 9062 2031
1207 9089 2813
1208 9096 15149
1209 9106 12726
1210 9116 5566
1211 9124 6322
1212 9126 7027
1213 9143 9080
1214 9160 2050
1215 9171 14005
1216 9208 12663
1217 9215 5064
1218 9220 3200
1219 9220 10214
1220 9228 6017
1221 9232 8176
1222 9242 6448
1223 9242 13967
1224 9250 13946
1225 9254 11887
1226 9255 9003
1227 9257 4534
1228 9264 3063
1229 9271 60
1230 9273 5403
1231 9274 9927
1232 9277 10252
1233 9284 15309
1234 9286 9714
1235 9288 3361
1236 9294 10434
1237 9310 5259
1238 9318 14216
1239 9320 4379
1240 9325 13040
1241 9336 13905
1242 9351 3773
1243 9358 9659
1244 9360 16217
1245 9362 4861
1246 9384 11229
1247 9386 10118
1248 9404 8619
1249 9404 10351
1250 9406 3629
1251 9417 8504
1252 9431 11699
1253 9435 13665
1254 9441 6165
1255 9473 97
1256 9484 16139
1257 9510 1718
1258 9518 4197
1259 9524 847
1260 9531 1319
1261 9543 6700
1262 9544 11301
1263 9545 5302
1264 9549 135
1265 9560 9211
1266 9565 10081
1267 9577 12092
1268 9588 6119
1269 9589 662
1270 9598 12015
1271 9600 15892
1272 9621 6594
1273 9625 12850
1274 9628 11298
1275 9634 5352
1276 9635 225
1277 9682 1939
1278 9690 6965
1279 9695 12257
1280 9710 1170
1281 9710 13149
1282 9721 10110
1283 9722 4082
1284 9728 9711
1285 9738 709
1286 9750 7618
1287 9752 4948
1288 9755 6137
1289 9773 9318
1290 9775 8830
1291 9780 14591
1292 9783 11462
1293 9791 13682
1294 9792 8676
1295 9793 4134
1296 9795 15817
1297 9798 2864
1298 9810 15561
1299 9819 9803
1300 9820 12358
1301 9827 7213
1302 9836 744
1303 9866 10720
1304 9874 13557
1305 9876 11528
1306 9877 12372
1307 9879 9224
1308 9894 15555
1309 9896 5224
1310 9904 15249
1311 9911 10119
1312 9915 13450
1313 9923 15219
1314 9933 14377
1315 9934 1902
1316 9957 2940
1317 9961 12176
1318 9967 4735
1319 9969 7401
1320 9981 8891
1321 9984 4604
1322 10000 14982
1323 10009 5787
1324 10009 6850
1325 10026 9694
1326 10035 535
1327 10038 2955
1328 10052 4446
1329 10054 5030
1330 10056 6965
1331 10076 7856
1332 10083 1272
1333 10088 5558
1334 10095 13436
1335 10098 6220
1336 10109 3549
1337 10121 4501
1338 10124 12437
1339 10131 14623
1340 10132 15401
1341 10144 4494
1342 10146 4391
1343 10160 11540
1344 10162 5596
1345 10166 13420
1346 10167 6774
1347 10176 12968
1348 10182 13668
1349 10184 4980
1350 10184 13317
1351 10185 15306
1352 10192 3620
1353 10203 1533
1354 10205 8107
1355 10219 3224
1356 10220 13356
1357 10222 11234
1358 10223 10828
1359 10224 14155
1360 10242 387
1361 10242 5379
1362 10249 7096
1363 10250 10011
1364 10264 14742
1365 10274 9007
1366 10276 15349
1367 10279 15325
1368 10281 14082
1369 10282 11046
1370 10305 10579
1371 10311 15004
1372 10319 15016
1373 10322 6036
1374 10323 399
1375 10327 14277
1376 10355 10946
1377 10359 5672
1378 10360 3281
1379 10362 15112
1380 10371 14381
1381 10373 13267
1382 10416 6709
1383 10420 1643
1384 10425 15524
1385 10426 3775
1386 10454 11277
1387 10477 11164
1388 10485 898
1389 10497 13932
1390 10520 927
1391 10531 1098
1392 10535 16082
1393 10536 385
1394 10556 14840
1395 10573 6224
1396 10576 7563
1397 10587 8819
1398 10599 14745
1399 10610 2308
1400 10612 6638
1401 10623 2320
1402 10625 10882
1403 10639 11603
1404 10644 7594
1405 10648 12530
1406 10650 1065
1407 10654 11379
1408 10681 9779
1409 10681 10560
1410 10692 221
1411 10698 770
1412 10698 8402
1413 10702 12396
1414 10706 2639
1415 10708 5731
1416 10720 11829
1417 10754 9232
1418 10759 15916
1419 10763 9988
1420 10788 15763
1421 10805 13445
1422 10807 6089
1423 10809 10549
1424 10814 11174
1425 10814 16413
1426 10845 12499
1427 10849 10505
1428 10870 6577
1429 10873 14984
1430 10876 7677
1431 10877 8181
1432 10884 11076
1433 10887 12817
1434 10887 14330
1435 10890 927
1436 10897 5554
1437 10902 8571
1438 10905 7027
1439 10906 738
1440 10907 162
1441 10915 14537
1442 10982 2194
1443 10999 831
1444 11002 9297
1445 11007 7395
1446 11011 12840
1447 11014 8160
1448 11036 7746
1449 11042 1226
1450 11045 9872
1451 11046 489
1452 11047 4208
1453 11050 16219
1454 11087 12868
1455 11099 72
1456 11100 16070
1457 11103 12692
1458 11107 1858
1459 11125 12873
1460 11129 3747
1461 11134 13934
1462 11136 450
1463 11147 6100
1464 11156 3242
1465 11159 15955
1466 11164 9108
1467 11165 10992
1468 11170 2181
1469 11183 14007
1470 11198 3931
1471 11199 13179
1472 11208 12949
1473 11215 1249
1474 11218 15253
1475 11229 4528
1476 11236 1790
1477 11236 16442
1478 11240 8123
1479 11251 4193
1480 11271 12397
1481 11287 6220
1482 11302 7001
1483 11310 703
1484 11317 9270
1485 11324 10233
1486 11330 2121
1487 11331 3328
1488 11333 8767
1489 11333 11929
1490 11336 3469
1491 11351 952
1492 11364 6109
1493 11365 2595
1494 11375 12085
1495 11394 9805
1496 11410 14664
1497 11427 9533
1498 11443 10541
1499 11444 1400
1500 11447 12320
1501 11485 7340
1502 11488 12828
1503 11512 4856
1504 11520 14463
1505 11533 5000
1506 11534 1885
1507 11535 6282
1508 11535 16115
1509 11550 11761
1510 11551 2155
1511 11557 8525
1512 11559 6351
1513 11565 11329
1514 11575 7650
1515 11594 15030
1516 11616 5299
1517 11633 1025
1518 11646 8481
1519 11650 15570
1520 11651 10784
1521 11655 6981
1522 11658 12829
1523 11659 6600
1524 11668 8363
1525 11670 1641
1526 11676 7286
1527 11677 12462
1528 11687 11559
1529 11702 5701
1530 11703 1342
1531 11711 9016
1532 11711 11152
1533 11714 11317
1534 11747 12046
1535 11748 8387
1536 11755 14119
1537 11763 2555
1538 11764 13098
1539 11764 16220
1540 11765 12168
1541 11765 13986
1542 11768 10244
1543 11771 16282
1544 11785 7752
1545 11786 12821
1546 11789 7442
1547 11793 13373
1548 11827 10963
1549 11829 12281
1550 11845 9349
1551 11864 9211
1552 11878 11687
1553 11902 6898
1554 11918 4675
1555 11942 11937
1556 11954 6391
1557 11960 934
1558 11966 5883
1559 11985 1591
1560 11986 13262
1561 12004 6001
1562 12010 6308
1563 12010 11480
1564 12015 2540
1565 12023 811
1566 12027 4142
1567 12034 10697
1568 12040 11265
1569 12043 2757
1570 12045 657
1571 12064 14536
1572 12069 10758
1573 12072 9397
1574 12073 12438
1575 12081 998
1576 12088 15836
1577 12128 1689
1578 12136 1677
1579 12152 662
1580 12152 2674
1581 12153 14446
1582 12160 13991
1583 12161 7032
1584 12171 15322
1585 12174 13317
1586 12181 530
1587 12204 3610
1588 12262 1829
1589 12272 1945
1590 12287 10056
1591 12307 6832
1592 12307 12565
1593 12310 10859
1594 12327 4843
1595 12335 15926
1596 12337 4057
1597 12340 5805
1598 12347 423
1599 12373 12995
1600 12382 16145
1601 12390 11566
1602 12393 3938
1603 12397 5877
1604 12397 6764
1605 12404 9405
1606 12410 16066
1607 12416 6063
1608 12421 1968
1609 12431 11489
1610 12432 15536
1611 12443 763
1612 12452 6638
1613 12453 12774
1614 12455 8631
1615 12466 259
1616 12470 10510
1617 12472 5075
1618 12478 10840
1619 12491 1658
1620 12495 4558
1621 12498 9681
1622 12498 11444
1623 12519 11956
1624 12524 16118
1625 12526 9221
1626 12528 14493
1627 12537 2733
1628 12538 1002
1629 12542 15834
1630 12552 9375
1631 12553 4158
1632 12554 10502
1633 12559 11879
1634 12565 5542
1635 12587 1998
1636 12594 2579
1637 12595 11632
1638 12602 8875
1639 12621 9927
1640 12637 13983
1641 12644 3149
1642 12647 13090
1643 12653 11679
1644 12659 12212
1645 12669 11964
1646 12673 6905
1647 12677 6599
1648 12677 7433
1649 12683 10184
1650 12688 2567
1651 12698 16107
1652 12701 11746
1653 12706 7272
1654 12728 9829
1655 12734 10099
1656 12735 16410
1657 12738 7304
1658 12739 1375
1659 12743 9803
1660 12745 4091
1661 12746 13416
1662 12748 12014
1663 12770 12028
1664 12774 9196
1665 12784 6558
1666 12784 14451
1667 12792 7944
1668 12798 6260
1669 12801 14663
1670 12803 10680
1671 12816 8905
1672 12825 612
1673 12825 685
1674 12837 10968
1675 12843 6006
1676 12855 14872
1677 12858 367
1678 12869 12182
1679 12875 11213
1680 12886 2956
1681 12900 12408
1682 12902 5875
1683 12903 2054
1684 12936 7885
1685 12938 163
1686 12945 3001
1687 12951 10033
1688 12959 6482
1689 12959 15077
1690 12970 16146
1691 12975 13778
1692 12996 7640
1693 13003 5679
1694 13022 12092
1695 13023 5094
1696 13023 11847
1697 13025 8036
1698 13027 6704
1699 13027 8576
1700 13033 8704
1701 13037 1608
1702 13040 10019
1703 13052 15570
1704 13065 5755
1705 13066 8364
1706 13079 3768
1707 13079 4808
1708 13094 12030
1709 13096 13780
1710 13101 8603
1711 13101 12978
1712 13106 8440
1713 13127 14985
1714 13135 4920
1715 13149 5027
1716 13152 13921
1717 13154 11066
1718 13162 11574
1719 13163 5720
1720 13187 10116
1721 13196 14366
1722 13206 899
1723 13214 3561
1724 13224 8736
1725 13234 9040
1726 13236 11888
1727 13243 1026
1728 13247 1961
1729 13247 11427
1730 13249 1772
1731 13250 3923
1732 13274 2233
1733 13281 709
1734 13291 2878
1735 13299 3121
1736 13300 4147
1737 13308 16135
1738 13310 6497
1739 13311 13438
1740 13323 13987
1741 13326 7855
1742 13328 16195
1743 13329 11670
1744 13337 9301
1745 13338 16121
1746 13344 15800
1747 13355 13255
1748 13362 7296
1749 13371 1780
1750 13373 9903
1751 13379 5455
1752 13383 8494
1753 13387 10093
1754 13400 6618
1755 13411 3371
1756 13418 13209
1757 13460 15741
1758 13465 11585
1759 13477 15896
1760 13493 12516
1761 13494 13353
1762 13510 8183
1763 13520 6122
1764 13524 2769
1765 13535 2528
1766 13535 8255
1767 13551 7536
1768 13553 6375
1769 13557 5729
1770 13564 6634
1771 13566 12511
1772 13569 1741
1773 13571 10412
1774 13577 9186
1775 13579 10103
1776 13601 2160
1777 13603 8633
1778 13608 9086
1779 13620 12918
1780 13622 2036
1781 13625 12582
1782 13631 2741
1783 13642 11209
1784 13650 366
1785 13651 7997
1786 13666 6228
1787 13666 7495
1788 13673 9382
1789 13686 14614
1790 13713 7255
1791 13728 15090
1792 13730 14454
1793 13733 12099
1794 13749 14646
1795 13807 2886
1796 13822 16342
1797 13829 950
1798 13837 1780
1799 13838 15834
1800 13844 94
1801 13846 2082
1802 13852 15535
1803 13856 12293
1804 13880 7469
1805 13883 7629
1806 13900 11044
1807 13906 15132
1808 13916 13685
1809 13926 10882
1810 13935 6088
1811 13949 11343
1812 13950 4685
1813 13952 16118
1814 13956 6123
1815 13968 9677
1816 13981 7057
1817 13983 826
1818 14000 2061
1819 14021 7607
1820 14028 651
1821 14041 11250
1822 14047 4074
1823 14057 11496
1824 14067 11585
1825 14081 3823
1826 14085 16178
1827 14091 11301
1828 14095 12661
1829 14097 5978
1830 14101 2753
1831 14116 10263
1832 14131 2018
1833 14133 7973
1834 14158 7165
1835 14162 5032
1836 14172 13233
1837 14177 5276
1838 14183 6704
1839 14190 15516
1840 14193 13096
1841 14200 14308
1842 14203 12689
1843 14225 11646
1844 14229 6976
1845 14231 5684
1846 14236 11874
1847 14240 369
1848 14251 15562
1849 14258 9257
1850 14260 12451
1851 14268 10924
1852 14270 13412
1853 14289 1979
1854 14297 9751
1855 14301 5041
1856 14310 7689
1857 14315 6442
1858 14341 8387
1859 14342 13707
1860 14344 4561
1861 14350 14460
1862 14355 249
1863 14373 5349
1864 14376 10420
1865 14382 8355
1866 14387 12351
1867 14392 5972
1868 14392 11281
1869 14393 6046
1870 14398 13280
1871 14398 15471
1872 14400 6609
1873 14421 6408
1874 14422 13273
1875 14425 6547
1876 14440 5504
1877 14442 13651
1878 14452 11547
1879 14470 14003
1880 14474 14037
1881 14496 14526
1882 14503 3738
1883 14518 4727
1884 14529 5540
1885 14531 10649
1886 14541 14139
1887 14551 8364
1888 14553 1462
1889 14558 10354
1890 14558 16277
1891 14569 6101
1892 14572 13135
1893 14587 2783
1894 14613 16330
1895 14617 13817
1896 14637 9240
1897 14651 6083
1898 14666 6262
1899 14668 14427
1900 14669 14397
1901 14676 4984
1902 14696 2069
1903 14702 12777
1904 14709 10628
1905 14710 1211
1906 14721 3263
1907 14721 4134
1908 14723 8688
1909 14723 13633
1910 14725 13317
1911 14741 6592
1912 14741 7874
1913 14753 9881
1914 14765 1258
1915 14773 11856
1916 14782 15293
1917 14786 3924
1918 14789 2245
1919 14793 1140
1920 14798 14875
1921 14802 7730
1922 14805 10587
1923 14814 7474
1924 14821 13151
1925 14832 2516
1926 14836 3879
1927 14836 10592
1928 14841 4372
1929 14853 8541
1930 14877 7755
1931 14877 8143
1932 14890 14877
1933 14892 3165
1934 14899 229
1935 14900 1758
1936 14927 5049
1937 14942 85
1938 14952 13522
1939 14957 5901
1940 14970 15680
1941 14974 174
1942 14976 9999
1943 15014 3736
1944 15019 9804
1945 15044 12346
1946 15045 3964
1947 15045 7553
1948 15049 233
1949 15049 3392
1950 15054 8470
1951 15075 14880
1952 15080 2518
1953 15083 4001
1954 15104 4518
1955 15113 9500
1956 15118 9953
1957 15134 7848
1958 15134 8218
1959 15139 3245
1960 15139 6897
1961 15144 7173
1962 15147 14610
1963 15149 13982
1964 15158 11664
1965 15160 3147
1966 15164 5443
1967 15168 4594
1968 15177 16381
1969 15183 8291
1970 15186 8839
1971 15189 7398
1972 15219 5634
1973 15229 7591
1974 15232 5856
1975 15233 15339
1976 15237 12146
1977 15251 7558
1978 15251 15007
1979 15255 16066
1980 15256 14929
1981 15263 2835
1982 15274 7452
1983 15283 2942
1984 15303 11733
1985 15309 9445
1986 15322 198
1987 15336 6827
1988 15347 2227
1989 15351 6165
1990 15361 5361
1991 15365 10211
1992 15368 13386
1993 15380 12635
1994 15390 5533
1995 15427 9517
1996 15430 6139
1997 15432 15867
1998 15433 15321
1999 15439 3756
2000 15447 15402
2001 15449 7212
2002 15451 16303
2003 15466 12714
2004 15474 7095
2005 15474 15318
2006 15475 5747
2007 15476 7173
2008 15476 7444
2009 15476 11820
2010 15478 8352
2011 15492 12414
2012 15505 12622
2013 15514 15599
2014 15519 1647
2015 15522 8620
2016 15528 12670
2017 15530 14869
2018 15545 2345
2019 15557 1302
2020 15575 313
2021 15577 8844
2022 15578 12677
2023 15592 372
2024 15609 5485
2025 15614 2180
2026 15618 13317
2027 15628 4646
2028 15636 12060
2029 15637 4596
2030 15639 11098
2031 15643 1231
2032 15652 16042
2033 15661 1712
2034 15661 9522
2035 15664 4547
2036 15676 7314
2037 15683 5914
2038 15686 5008
2039 15688 3510
2040 15692 6900
2041 15696 11796
2042 15709 1020
2043 15712 14129
2044 15719 12889
2045 15726 6555
2046 15727 1142
2047 15727 8933
2048 15728 10225
2049 15731 4903
2050 15748 1025
2051 15755 9941
2052 15766 6154
2053 15777 30
2054 15783 645
2055 15785 5842
2056 15785 6894
2057 15813 15716
2058 15822 9989
2059 15827 12723
2060 15832 2251
2061 15835 15733
2062 15838 4000
2063 15839 8645
2064 15841 13579
2065 15845 11331
2066 15853 10404
2067 15856 16400
2068 15858 7916
2069 15863 12745
2070 15863 13561
2071 15867 10264
2072 15868 13507
2073 15868 13840
2074 15878 9634
2075 15889 2175
2076 15914 5967
2077 15928 7856
2078 15932 5525
2079 15937 363
2080 15943 8286
2081 15946 2630
2082 15954 5060
2083 15957 16392
2084 15964 6618
2085 15981 4885
2086 15982 3508
2087 15993 608
2088 16010 3554
2089 16023 6932
2090 16043 14184
2091 16047 5248
2092 16074 3299
2093 16087 3873
2094 16092 5762
2095 16095 6795
2096 16095 7148
2097 16107 12055
2098 16120 1710
2099 16123 6137
2100 16124 6927
2101 16130 15355
2102 16152 11361
2103 16157 14365
2104 16160 10739
2105 16186 8691
2106 16191 1130
2107 16200 15882
2108 16206 13041
2109 16210 957
2110 16221 2407
2111 16228 14184
2112 16240 14225
2113 16277 13391
2114 16286 3521
2115 16286 11061
2116 16308 2265
2117 16308 5774
2118 16310 5994
2119 16311 4949
2120 16314 15921
2121 16315 8812
2122 16335 1151
2123 16343 16360
2124 16350 14402
2125 16354 15062
2126 16357 59
2127 16357 4257
2128 16366 11931
2129 16375 8269
2130 16384 8877
2131 16389 5767
2132 16410 9003
2133 16426 3942
2134 16426 14162
2135 16431 9501
2136 16444 13290
2137 16445 15084
2138 16446 8956
2139 16447 7668
2140 16448 9883
2141 16461 10602
2142 16466 16081
2143 16469 11031
2144 16491 4738
2145 16498 11787
2146 16502 5158